	260	265	270	275	280	285	290	295	300	305	310	315	320	325	330	335	340	345	350	355	360	365	370	375	380	385	390	395	400	405	410	415	420	425	430	435	440	445	450	455	460	465	470	475	480	485	490	495	500	505	510	515	520	525	530	535	540	545	550	555	560	565	570	575	580	585	590	595	600	605	610	615	620	625	630	635	640	645	650	655	660	665	670	675	680	685	690	695	700	705	710	715	720	725	730	735	740	745	750
520	0	0	0	0	0	0	0	0	0	0	0	0	0	0	0	0	0	0	0	0	0	0	0	0	0	0	0	0	0	0	0	0	0	0	0	0	0	0	0	0	0	0	0	0	0	0	0	0	0	0	0	0	0	0	9831	10441	11442	11914	12308	12541	11970	12174	12137	11412	11213	11046	10333	9497	9433	8345	7606	6650	6571	5952	5581	4865	4102	3365	2746	2654	2345	1955	1663	1533	1402	1288	1002	934	714	692	630	514	532	470	386	412	358	328	344
510	0	0	0	0	0	0	0	0	0	0	0	0	0	0	0	0	0	0	0	0	0	0	0	0	0	0	0	0	0	0	0	0	0	0	0	0	0	0	0	0	0	0	0	0	0	0	0	0	0	0	0	0	11211	12129	13290	14680	15430	16564	16560	16097	16620	16357	15344	15064	14309	14088	12608	12222	11078	10568	9674	9321	7990	7143	6078	4981	4314	4034	3555	3012	2972	2309	2191	1943	1531	1444	1200	1124	866	804	798	698	560	566	448	454	446	466	388
500	0	0	0	0	0	0	0	0	0	0	0	0	0	0	0	0	0	0	0	0	0	0	0	0	0	0	0	0	0	0	0	0	0	0	0	0	0	0	0	0	0	0	0	0	0	0	0	0	0	0	13692	15334	17301	18633	20581	21824	22210	22388	22410	22176	22271	20648	19809	19149	17878	17033	16067	15998	14893	13621	11615	9931	8612	7761	7101	6258	5495	4601	4216	3621	3208	2776	2369	2143	1955	1657	1298	1218	988	772	776	746	642	624	608	552	478	470	472
490	0	0	0	0	0	0	0	0	0	0	0	0	0	0	0	0	0	0	0	0	0	0	0	0	0	0	0	0	0	0	0	0	0	0	0	0	0	0	0	0	0	0	0	0	0	0	0	0	18855	20289	22051	25072	26599	28942	30374	30108	31075	30896	30376	29513	28622	27734	25786	24187	24044	22319	21312	18946	16310	14927	13263	12083	10887	9140	8182	7243	6547	5785	4979	4258	3817	3234	2890	2405	2031	1835	1523	1346	1258	1042	1044	894	848	644	690	556	522	562	446
480	0	0	0	0	0	0	0	0	0	0	0	0	0	0	0	0	0	0	0	0	0	0	0	0	0	0	0	0	0	0	0	0	0	0	0	0	0	0	0	0	0	0	0	0	0	0	25335	28080	31289	34286	37173	39389	42821	43669	45433	45176	44803	43950	42494	41425	39932	37848	36698	33832	30386	27412	25329	22483	20987	19012	16765	15485	13529	11733	10271	9158	7891	6790	5825	5174	4601	3783	3489	2908	2559	2303	1829	1611	1430	1272	1050	938	992	794	758	598	682	672	500
470	0	0	0	0	0	0	0	0	0	0	0	0	0	0	0	0	0	0	0	0	0	0	0	0	0	0	0	0	0	0	0	0	0	0	0	0	0	0	0	0	0	0	0	0	38218	45313	52370	58105	63693	68144	71618	75788	79275	79610	78785	78854	77116	74191	73475	70971	67062	61476	55141	51636	47475	42717	38917	35455	32341	28845	26645	22937	19831	17926	15938	13808	11836	10015	9196	7637	6828	5567	5446	4198	3845	3334	2850	2345	2129	1807	1647	1434	1310	1096	1014	980	810	752	668
460	0	0	0	0	0	0	0	0	0	0	0	0	0	0	0	0	0	0	0	0	0	0	0	0	0	0	0	0	0	0	0	0	0	0	0	0	0	0	0	0	0	0	40363	48646	58140	67391	75652	80121	86608	88384	91715	93222	94584	94135	91386	91185	88876	85978	78577	73560	67780	63157	57306	52245	47948	42880	39684	35157	31634	28501	25048	22406	19823	17078	15131	13106	11416	9453	8510	7532	6118	5581	4591	4068	3501	3004	2752	2299	1967	1709	1495	1348	1158	1026	942	838	798	716	678
450	0	0	0	0	0	0	0	0	0	0	0	0	0	0	0	0	0	0	0	0	0	0	0	0	0	0	0	0	0	0	0	0	0	0	0	0	0	0	0	0	53983	64983	78434	93554	1.06E+05	1.21E+05	1.29E+05	1.33E+05	1.36E+05	1.37E+05	1.38E+05	1.39E+05	1.36E+05	1.37E+05	1.34E+05	1.25E+05	1.16E+05	1.08E+05	1.02E+05	92949	85182	78279	71593	64973	59216	52552	47793	43153	38149	33885	29736	26283	22731	20093	17843	15579	13396	12075	10152	8439	7394	6367	5505	4585	4130	3417	3258	2531	2207	1855	1771	1605	1264	1008	1038	984	848	838	656
440	0	0	0	0	0	0	0	0	0	0	0	0	0	0	0	0	0	0	0	0	0	0	0	0	0	0	0	0	0	0	0	0	0	0	0	0	0	0	89665	1.03E+05	1.19E+05	1.37E+05	1.56E+05	1.73E+05	1.90E+05	2.06E+05	2.11E+05	2.10E+05	2.09E+05	2.06E+05	2.05E+05	2.03E+05	1.94E+05	1.81E+05	1.70E+05	1.60E+05	1.49E+05	1.37E+05	1.26E+05	1.15E+05	1.05E+05	94605	85970	76430	68381	61414	55780	48972	44510	39468	34242	30315	26186	22618	19537	17384	14861	13123	11046	9598	8245	6892	6062	5232	4446	3835	3202	2826	2401	1997	1869	1549	1471	1256	1098	942	816	776	750
430	0	0	0	0	0	0	0	0	0	0	0	0	0	0	0	0	0	0	0	0	0	0	0	0	0	0	0	0	0	0	0	0	0	0	0	0	1.34E+05	1.72E+05	2.07E+05	2.35E+05	2.61E+05	2.89E+05	3.12E+05	3.33E+05	3.49E+05	3.64E+05	3.62E+05	3.54E+05	3.46E+05	3.33E+05	3.12E+05	2.97E+05	2.78E+05	2.63E+05	2.43E+05	2.25E+05	2.06E+05	1.88E+05	1.70E+05	1.55E+05	1.39E+05	1.25E+05	1.11E+05	99338	89443	79040	69949	62872	54969	48244	42724	37050	32027	28122	24189	20672	18073	15364	13633	11856	10027	8415	7352	6194	5206	4669	4100	3377	2878	2459	2015	1831	1623	1372	1216	1216	972	886	834
420	0	0	0	0	0	0	0	0	0	0	0	0	0	0	0	0	0	0	0	0	0	0	0	0	0	0	0	0	0	0	0	0	0	0	1.94E+05	2.66E+05	3.41E+05	4.10E+05	4.73E+05	5.19E+05	5.63E+05	5.96E+05	6.26E+05	6.43E+05	6.56E+05	6.71E+05	6.51E+05	6.12E+05	5.73E+05	5.37E+05	5.04E+05	4.72E+05	4.38E+05	4.04E+05	3.71E+05	3.41E+05	3.10E+05	2.80E+05	2.51E+05	2.25E+05	2.00E+05	1.79E+05	1.59E+05	1.42E+05	1.25E+05	1.11E+05	96994	86594	74938	66229	58740	50241	43899	38496	32873	28604	24026	21235	18242	15718	13404	11136	9981	8325	7185	6162	5328	4388	3911	3373	2966	2365	2281	1969	1717	1673	1330	1138	1072
410	0	0	0	0	0	0	0	0	0	0	0	0	0	0	0	0	0	0	0	0	0	0	0	0	0	0	0	0	0	0	0	0	2.34E+05	3.44E+05	4.71E+05	6.03E+05	7.23E+05	8.30E+05	9.13E+05	9.79E+05	1.03E+06	1.06E+06	1.08E+06	1.09E+06	1.08E+06	1.06E+06	1.00E+06	9.29E+05	8.61E+05	7.97E+05	7.37E+05	6.81E+05	6.26E+05	5.72E+05	5.20E+05	4.70E+05	4.25E+05	3.81E+05	3.42E+05	3.04E+05	2.70E+05	2.38E+05	2.12E+05	1.88E+05	1.65E+05	1.46E+05	1.28E+05	1.13E+05	99400	86438	75064	66128	56314	48305	43292	36245	31800	27147	23355	20172	17263	14611	12505	10811	9224	7907	7077	5942	5011	4266	3994	3529	2806	2489	2161	1941	1721	1577	1402
400	0	0	0	0	0	0	0	0	0	0	0	0	0	0	0	0	0	0	0	0	0	0	0	0	0	0	0	0	0	0	2.45E+05	3.82E+05	5.61E+05	7.69E+05	9.84E+05	1.19E+06	1.36E+06	1.50E+06	1.59E+06	1.66E+06	1.71E+06	1.71E+06	1.69E+06	1.66E+06	1.62E+06	1.56E+06	1.46E+06	1.33E+06	1.22E+06	1.11E+06	1.02E+06	9.35E+05	8.52E+05	7.72E+05	7.02E+05	6.29E+05	5.64E+05	5.06E+05	4.50E+05	4.00E+05	3.54E+05	3.12E+05	2.75E+05	2.43E+05	2.13E+05	1.89E+05	1.66E+05	1.46E+05	1.28E+05	1.11E+05	97273	84231	74195	63081	54822	46630	40184	35033	30060	25808	21804	19149	15686	13981	11697	10566	8758	7861	6343	5466	4917	4288	3723	3038	2840	2644	2471	2149	1937
390	0	0	0	0	0	0	0	0	0	0	0	0	0	0	0	0	0	0	0	0	0	0	0	0	0	0	0	0	2.04E+05	3.31E+05	5.04E+05	7.30E+05	9.99E+05	1.29E+06	1.58E+06	1.82E+06	2.02E+06	2.16E+06	2.25E+06	2.28E+06	2.27E+06	2.25E+06	2.19E+06	2.11E+06	2.02E+06	1.93E+06	1.78E+06	1.62E+06	1.46E+06	1.32E+06	1.21E+06	1.09E+06	9.88E+05	8.91E+05	8.02E+05	7.19E+05	6.43E+05	5.73E+05	5.09E+05	4.53E+05	3.97E+05	3.51E+05	3.11E+05	2.74E+05	2.40E+05	2.12E+05	1.84E+05	1.64E+05	1.43E+05	1.25E+05	1.09E+05	94432	82076	69991	60235	52646	45282	38472	33439	28624	24523	20826	18373	15459	12781	11484	9865	8373	7233	6459	5352	5108	4010	3725	3120	3010	2656	2596	2567
380	0	0	0	0	0	0	0	0	0	0	0	0	0	0	0	0	0	0	0	0	0	0	0	0	0	0	1.50E+05	2.58E+05	4.11E+05	6.13E+05	8.64E+05	1.17E+06	1.51E+06	1.86E+06	2.17E+06	2.43E+06	2.61E+06	2.71E+06	2.77E+06	2.78E+06	2.74E+06	2.67E+06	2.57E+06	2.45E+06	2.32E+06	2.20E+06	2.01E+06	1.80E+06	1.62E+06	1.46E+06	1.32E+06	1.19E+06	1.07E+06	9.64E+05	8.62E+05	7.76E+05	6.89E+05	6.12E+05	5.44E+05	4.81E+05	4.23E+05	3.75E+05	3.28E+05	2.89E+05	2.54E+05	2.25E+05	1.99E+05	1.74E+05	1.52E+05	1.33E+05	1.16E+05	1.00E+05	85893	75101	64081	55884	47334	41270	36105	30864	26413	22602	19555	16846	14161	12640	10293	9298	8030	6736	5916	5090	4825	4346	3841	3619	3867	4296	12815
370	0	0	0	0	0	0	0	0	0	0	0	0	0	0	0	0	0	0	0	0	0	0	0	0	1.22E+05	1.98E+05	3.18E+05	4.84E+05	6.96E+05	9.54E+05	1.25E+06	1.60E+06	1.97E+06	2.30E+06	2.59E+06	2.81E+06	2.95E+06	3.04E+06	3.05E+06	3.02E+06	2.95E+06	2.84E+06	2.70E+06	2.56E+06	2.40E+06	2.26E+06	2.06E+06	1.83E+06	1.64E+06	1.46E+06	1.32E+06	1.19E+06	1.06E+06	9.52E+05	8.52E+05	7.60E+05	6.73E+05	6.00E+05	5.30E+05	4.66E+05	4.12E+05	3.63E+05	3.18E+05	2.80E+05	2.46E+05	2.17E+05	1.89E+05	1.68E+05	1.46E+05	1.27E+05	1.12E+05	95416	83956	71919	61683	53482	46220	40003	33447	29450	25068	21758	18535	15952	13955	12005	10363	9072	7976	7171	6553	5902	5883	6190	16087	1.29E+05	1.57E+05	30809	11514
360	0	0	0	0	0	0	0	0	0	0	0	0	0	0	0	0	0	0	0	0	0	0	1.83E+05	2.64E+05	3.64E+05	4.90E+05	6.52E+05	8.55E+05	1.09E+06	1.37E+06	1.66E+06	1.95E+06	2.24E+06	2.51E+06	2.74E+06	2.90E+06	2.99E+06	3.02E+06	2.98E+06	2.92E+06	2.83E+06	2.69E+06	2.55E+06	2.40E+06	2.24E+06	2.09E+06	1.88E+06	1.67E+06	1.49E+06	1.32E+06	1.19E+06	1.06E+06	9.53E+05	8.52E+05	7.55E+05	6.74E+05	5.97E+05	5.28E+05	4.68E+05	4.12E+05	3.61E+05	3.19E+05	2.78E+05	2.46E+05	2.15E+05	1.91E+05	1.66E+05	1.46E+05	1.28E+05	1.11E+05	97040	84074	72865	62568	53996	46446	40338	34735	30183	25796	22295	19018	16625	14299	12688	10901	9525	8877	9124	9264	18402	1.30E+05	1.75E+05	44675	20378	23179	27283	31527	35985
350	0	0	0	0	0	0	0	0	0	0	0	0	0	0	0	0	0	0	0	0	2.96E+05	4.42E+05	6.14E+05	7.99E+05	9.80E+05	1.16E+06	1.36E+06	1.58E+06	1.78E+06	1.98E+06	2.17E+06	2.36E+06	2.54E+06	2.69E+06	2.79E+06	2.84E+06	2.85E+06	2.81E+06	2.73E+06	2.62E+06	2.49E+06	2.35E+06	2.19E+06	2.04E+06	1.90E+06	1.75E+06	1.57E+06	1.39E+06	1.22E+06	1.09E+06	9.68E+05	8.65E+05	7.71E+05	6.86E+05	6.09E+05	5.41E+05	4.81E+05	4.24E+05	3.73E+05	3.30E+05	2.88E+05	2.53E+05	2.22E+05	1.95E+05	1.71E+05	1.51E+05	1.33E+05	1.15E+05	1.01E+05	88091	76637	66603	57554	49056	43019	37037	31202	27361	24108	20684	18152	15622	13607	11864	10773	10021	17076	1.19E+05	1.77E+05	52372	29013	37820	47138	56876	68014	77732	89384	1.01E+05	1.13E+05
340	0	0	0	0	0	0	0	0	0	0	0	0	0	0	0	0	0	0	1.22E+05	3.05E+05	5.52E+05	8.05E+05	1.07E+06	1.36E+06	1.62E+06	1.83E+06	2.01E+06	2.20E+06	2.36E+06	2.48E+06	2.57E+06	2.64E+06	2.70E+06	2.72E+06	2.70E+06	2.66E+06	2.58E+06	2.48E+06	2.36E+06	2.22E+06	2.08E+06	1.93E+06	1.78E+06	1.63E+06	1.49E+06	1.38E+06	1.22E+06	1.07E+06	9.38E+05	8.29E+05	7.35E+05	6.53E+05	5.82E+05	5.15E+05	4.56E+05	4.04E+05	3.57E+05	3.15E+05	2.78E+05	2.42E+05	2.12E+05	1.87E+05	1.64E+05	1.44E+05	1.26E+05	1.10E+05	97225	85141	74412	64406	56130	48695	42318	36241	31833	27434	24242	20769	18271	16210	13686	12632	17547	1.11E+05	1.57E+05	38092	12594	16028	23422	34851	50992	70262	88316	1.06E+05	1.25E+05	1.41E+05	1.61E+05	1.79E+05	1.96E+05
330	0	0	0	0	0	0	0	0	0	0	0	0	0	0	0	0	27430	61960	1.69E+05	3.98E+05	6.94E+05	9.92E+05	1.32E+06	1.61E+06	1.85E+06	2.05E+06	2.23E+06	2.39E+06	2.50E+06	2.55E+06	2.57E+06	2.56E+06	2.53E+06	2.48E+06	2.40E+06	2.30E+06	2.18E+06	2.04E+06	1.91E+06	1.77E+06	1.63E+06	1.49E+06	1.37E+06	1.24E+06	1.13E+06	1.03E+06	9.11E+05	7.93E+05	6.92E+05	6.10E+05	5.41E+05	4.79E+05	4.26E+05	3.76E+05	3.32E+05	2.95E+05	2.61E+05	2.29E+05	2.01E+05	1.76E+05	1.55E+05	1.36E+05	1.19E+05	1.03E+05	90996	80630	71029	61909	54828	47487	41887	36599	32145	27250	24369	21602	18156	16427	21043	1.05E+05	1.43E+05	34571	10491	9817	10512	11351	14476	20807	30807	45894	65423	88594	1.12E+05	1.32E+05	1.55E+05	1.74E+05	1.96E+05	2.18E+05	2.34E+05
320	0	0	0	0	0	0	0	0	0	0	0	0	0	0	29246	41834	60360	95002	1.87E+05	3.83E+05	6.19E+05	8.27E+05	1.06E+06	1.29E+06	1.47E+06	1.61E+06	1.73E+06	1.84E+06	1.90E+06	1.93E+06	1.92E+06	1.88E+06	1.84E+06	1.78E+06	1.70E+06	1.62E+06	1.52E+06	1.41E+06	1.31E+06	1.21E+06	1.11E+06	1.01E+06	9.20E+05	8.31E+05	7.55E+05	6.88E+05	6.12E+05	5.30E+05	4.65E+05	4.09E+05	3.62E+05	3.20E+05	2.82E+05	2.51E+05	2.22E+05	1.97E+05	1.74E+05	1.54E+05	1.34E+05	1.19E+05	1.04E+05	91409	80071	69797	62356	53797	48576	42017	37576	32873	28980	24747	22592	19879	21590	83277	1.18E+05	32909	13215	12266	12692	13189	13619	14458	15563	17078	20204	25230	33146	45947	61683	80632	98667	1.14E+05	1.28E+05	1.42E+05	1.58E+05	1.72E+05	1.85E+05
310	0	0	0	0	0	0	0	0	0	0	0	0	14221	30971	52848	73500	93222	1.17E+05	1.49E+05	2.12E+05	2.90E+05	3.62E+05	4.40E+05	5.16E+05	5.80E+05	6.27E+05	6.63E+05	6.95E+05	7.16E+05	7.20E+05	7.17E+05	7.07E+05	6.97E+05	6.84E+05	6.64E+05	6.37E+05	6.04E+05	5.69E+05	5.35E+05	4.97E+05	4.61E+05	4.24E+05	3.87E+05	3.52E+05	3.18E+05	2.93E+05	2.58E+05	2.29E+05	1.98E+05	1.73E+05	1.55E+05	1.36E+05	1.21E+05	1.07E+05	94798	83076	74257	64634	56132	50337	44449	38437	33996	30141	26368	23900	20071	18214	16010	14585	14334	37027	51605	15960	8052	7767	7982	8953	9963	11874	13460	15684	17060	18325	19597	20598	22816	24203	26085	29936	34863	40188	45890	50055	54814	58781	63165	68294	71121
300	0	0	0	0	0	0	0	0	0	0	1426	3118	9156	21237	37444	50553	57672	64053	72630	89189	1.04E+05	1.19E+05	1.33E+05	1.45E+05	1.58E+05	1.66E+05	1.75E+05	1.82E+05	1.87E+05	1.85E+05	1.87E+05	1.85E+05	1.84E+05	1.82E+05	1.80E+05	1.75E+05	1.68E+05	1.61E+05	1.53E+05	1.43E+05	1.34E+05	1.24E+05	1.15E+05	1.05E+05	97086	89829	79499	70069	61810	55180	49007	43406	38968	34510	31166	27687	24531	21374	18936	16735	14821	12956	11693	10365	8939	8176	7855	14645	17583	6399	4196	3601	3254	3278	2970	2988	3713	4316	5460	6772	8469	9762	10496	11436	11530	11850	12083	12986	13438	13668	14756	15745	16226	16697	17477	17718	18714	19180	19986
290	0	0	0	0	0	0	0	0	346	406	690	2013	6297	12085	19224	26391	31109	34416	36875	40768	43929	46002	47746	50169	53294	53343	56079	56986	57828	57218	59335	58228	57197	57552	56482	55391	53822	52265	50138	48099	45684	42842	40369	37013	35076	32861	29578	26884	23670	21267	19260	17436	15600	14102	13253	11886	10395	9192	8216	7348	6264	5789	5352	6465	7330	4024	3132	2808	2513	2225	1947	1603	1597	1320	1505	1637	2149	2529	3068	3815	4274	4945	5513	6044	5944	6110	6465	6439	6361	6240	6688	6517	6549	6806	6511	6686	6754	6872	6597
280	0	0	0	0	0	0	114	130	134	278	368	552	1090	2251	3703	4426	5084	5855	5916	6132	6441	6375	6289	6196	6168	6335	6228	7005	7037	7045	7610	7799	8152	7925	8620	8588	8764	8497	8467	8132	8032	7460	6886	6730	6381	6126	5685	4897	4504	3975	3739	3405	3056	2734	2565	2159	1881	1799	1579	1663	1825	1174	1162	966	930	736	666	586	462	412	452	354	342	314	314	298	362	454	560	630	692	722	872	868	966	826	1040	886	1008	992	914	916	820	838	828	824	830	782	720
270	0	0	0	0	56	78	48	106	116	160	244	484	978	2089	3270	4260	5036	5559	5575	5767	5567	5521	5266	5577	5186	5204	5284	5741	5944	6100	6718	6708	7362	7677	8026	8443	8146	8337	8144	8297	7976	7600	7163	6774	6796	6218	5464	4889	4673	3975	3947	3371	3278	2563	2461	2323	2045	1729	1501	1557	1489	1226	982	954	930	712	636	570	564	482	436	366	342	282	264	316	362	384	470	558	704	752	830	812	882	970	906	868	836	792	730	758	788	734	788	702	622	660	582
260	0	0	46	44	50	68	116	110	124	216	344	796	2045	4769	7841	10520	12395	13531	14146	14615	14217	14074	12564	12125	11902	12005	12342	12994	13788	14501	16141	17593	18924	20128	21368	22688	23476	23840	23074	22781	21933	21296	20559	19496	18861	17559	15696	14551	13292	11729	10771	9835	8949	8514	7366	6802	6012	5565	4741	4188	3587	3308	3082	2726	2199	2113	1737	1573	1394	1304	1182	1030	796	774	792	766	952	1076	1186	1539	1747	2055	2159	2401	2610	2535	2543	2690	2523	2451	2177	2253	2309	2081	1921	1881	1913	1591	1699
250	78	78	54	56	72	116	92	138	202	240	372	832	2083	4030	6788	9162	11295	12143	13460	15185	16051	16506	17259	18617	19573	20975	23141	26265	28997	32530	37015	40967	44871	50310	54859	58531	60450	61020	60259	60319	58697	56476	52482	50980	47879	45068	41348	36816	32617	29649	26906	24832	22131	19958	17664	16000	13656	12887	11167	9889	9066	8158	6918	6341	5392	4611	4232	3649	3242	2854	2519	2161	2147	1691	1585	1607	1453	1645	1643	1785	1907	2001	2295	2281	2413	2515	2389	2511	2559	2441	2389	2533	2638	2287	2393	2375	2650	2594	2493
