260 265 270 275 280 285 290 295 300 305 310 315 320 325 330 335 340 345 350 355 360 365 370 375 380 385 390 395 400 405 410 415 420 425 430 435 440 445 450 455 460 465 470 475 480 485 490 495 500 505 510 515 520 525 530 535 540 545 550 555 560 565 570 575 580 585 590 595 600 605 610 615 620 625 630 635 640 645 650 655 660 665 670 675 680 685 690 695 700 705 710 715 720 725 730 735 740 745 750
520 0 0 0 0 0 0 0 0 0 0 0 0 0 0 0 0 0 0 0 0 0 0 0 0 0 0 0 0 0 0 0 0 0 0 0 0 0 0 0 0 0 0 0 0 0 0 0 0 0 0 0 0 0 0 9481 10276 11612 11469 11526 11019 11004 10814 10292 9926 9313 9296 9241 9142 9101 8942 9647 9577 9982 9848 9789 9746 9310 9752 9903 9519 10100 9875 9585 9087 8856 8832 8023 7930 7682 6556 6249 5756 5166 4884 4168 3818 3569 2912 2620
510 0 0 0 0 0 0 0 0 0 0 0 0 0 0 0 0 0 0 0 0 0 0 0 0 0 0 0 0 0 0 0 0 0 0 0 0 0 0 0 0 0 0 0 0 0 0 0 0 0 0 0 0 10221 12834 13768 15232 15231 15183 15284 14586 14145 13315 12569 11891 11418 10804 10344 10178 9783 9935 9882 9639 9242 9183 9360 9779 9451 9777 9385 9154 9435 8953 9109 8461 8144 7828 7307 7222 6735 6191 5714 5369 4884 4507 3926 3519 2982 2816 2504
500 0 0 0 0 0 0 0 0 0 0 0 0 0 0 0 0 0 0 0 0 0 0 0 0 0 0 0 0 0 0 0 0 0 0 0 0 0 0 0 0 0 0 0 0 0 0 0 0 0 0 12764 15482 16719 19240 19785 19376 19958 19236 19656 18125 17608 16572 15416 14359 13464 12729 12103 11713 10250 9697 9205 9266 9004 8410 8359 8540 8036 7674 7722 7640 7759 7375 7295 6500 6296 6001 5602 5265 5090 4968 4274 4160 3601 3365 3046 2708 2362 2316 1995
490 0 0 0 0 0 0 0 0 0 0 0 0 0 0 0 0 0 0 0 0 0 0 0 0 0 0 0 0 0 0 0 0 0 0 0 0 0 0 0 0 0 0 0 0 0 0 0 0 14354 18513 19994 22214 23307 24243 24905 24558 24908 24348 22704 21779 20804 18729 17692 16839 15533 13724 12611 11980 11153 10543 9683 8885 8348 7747 7280 6894 6154 6070 5678 5061 5043 4752 4754 4341 4006 3603 3501 3501 2946 2828 2464 2362 2075 2073 1847 1761 1381 1203 1080
480 0 0 0 0 0 0 0 0 0 0 0 0 0 0 0 0 0 0 0 0 0 0 0 0 0 0 0 0 0 0 0 0 0 0 0 0 0 0 0 0 0 0 0 0 0 0 18583 22836 28049 30932 33423 34952 34999 35715 36290 35482 34075 33131 31130 29165 27280 25820 22985 20036 18470 17686 16127 14537 13585 12493 11145 9982 9049 8117 7391 6568 6154 5504 5131 4814 4389 4015 3712 3567 2987 3001 2688 2320 2196 2031 1793 1637 1381 1239 1159 904 1072 826 660
470 0 0 0 0 0 0 0 0 0 0 0 0 0 0 0 0 0 0 0 0 0 0 0 0 0 0 0 0 0 0 0 0 0 0 0 0 0 0 0 0 0 0 0 0 30302 39121 45568 51371 55646 59214 61636 63124 62018 61380 59268 58281 54291 52901 49652 45699 40377 37269 34265 32352 28823 25842 24139 21419 19078 17016 15124 13847 11996 10890 9684 8936 8421 7256 6309 5976 5412 4889 4642 3902 3722 3421 3041 2764 2628 2264 1915 1851 1615 1455 1283 1112 1006 918 734
460 0 0 0 0 0 0 0 0 0 0 0 0 0 0 0 0 0 0 0 0 0 0 0 0 0 0 0 0 0 0 0 0 0 0 0 0 0 0 0 0 0 0 30450 40169 48917 55744 60366 64766 67483 69127 68494 68521 66534 65249 63422 59821 57486 50657 47046 44807 41093 37894 33711 30462 27974 24822 22442 20129 17803 15789 14452 12694 11455 10448 9275 8154 7245 6693 6049 5509 4741 4622 4001 3740 3520 3329 2939 2568 2432 2226 1981 1891 1655 1527 1269 1243 1008 1052 856
450 0 0 0 0 0 0 0 0 0 0 0 0 0 0 0 0 0 0 0 0 0 0 0 0 0 0 0 0 0 0 0 0 0 0 0 0 0 0 0 0 36357 47834 58438 67451 75225 81281 86073 87295 89087 85978 87264 83796 80167 77143 71241 66885 62329 59395 55238 50031 46231 40729 36455 33071 29540 26685 23921 21046 19298 16777 15284 13444 11618 10439 9266 8432 7675 6859 6235 5739 5000 4654 3949 3953 3488 3157 3023 3013 2502 2346 2386 1801 1667 1545 1367 1289 1155 896 824
440 0 0 0 0 0 0 0 0 0 0 0 0 0 0 0 0 0 0 0 0 0 0 0 0 0 0 0 0 0 0 0 0 0 0 0 0 0 0 37717 50213 62058 72810 83085 92330 97563 103549 105324 105324 104841 103264 99974 94207 85887 83101 80176 74351 69805 63917 57975 52421 47029 42997 38024 34113 30955 27564 24685 21811 18957 16751 14641 13649 11881 10798 9475 8383 7841 6839 6544 5880 4869 4813 4310 4171 3792 3303 3281 2857 2808 2590 2117 1875 1843 1665 1493 1375 1066 930 854
430 0 0 0 0 0 0 0 0 0 0 0 0 0 0 0 0 0 0 0 0 0 0 0 0 0 0 0 0 0 0 0 0 0 0 0 0 31196 48077 62302 74607 86935 96697 106480 113632 118618 122500 124759 121288 117131 108455 104144 100406 96111 91045 84112 78023 70697 64873 60662 53635 48441 43441 38909 34476 30630 27022 24897 21820 19051 17099 14589 13107 11971 10544 9815 8385 7753 6787 6419 5509 5274 4855 4450 4105 3824 3381 3131 2790 2722 2334 2158 1945 1901 1777 1581 1347 1036 1022 780
420 0 0 0 0 0 0 0 0 0 0 0 0 0 0 0 0 0 0 0 0 0 0 0 0 0 0 0 0 0 0 0 0 0 0 30538 47719 63946 79996 95051 105948 119153 126956 134870 140716 145745 146580 137898 131646 130725 124780 118376 112412 104836 96040 89713 82098 76448 68386 62195 55535 50669 44820 39965 35849 31975 28135 25382 22546 19901 18139 15688 13880 12355 10772 10038 8489 7984 7013 6647 6127 5445 5188 4490 4239 4067 3820 3081 2889 2816 2482 2262 2328 1707 1501 1403 1117 1121 1024 786
410 0 0 0 0 0 0 0 0 0 0 0 0 0 0 0 0 0 0 0 0 0 0 0 0 0 0 0 0 0 0 0 0 34388 54798 69312 86139 101683 118438 132494 142380 150358 160996 167162 161141 157845 162509 159245 150754 139979 132629 123774 115894 107370 98902 90021 84337 76219 68781 61867 55462 49628 45698 39931 34818 31696 27594 24283 22447 20040 17296 14990 13319 12073 11128 10110 8865 8234 7425 6780 5927 5345 5076 4861 4226 3661 3658 3376 3125 2699 2308 2318 2060 1799 1705 1463 1305 1017 898 922
400 0 0 0 0 0 0 0 0 0 0 0 0 0 0 0 0 0 0 0 0 0 0 0 0 0 0 0 0 0 0 39350 62098 82838 102745 121764 139062 155654 170600 184208 194186 191513 188504 195830 197680 194640 189676 179629 167514 154620 144237 134573 124095 113495 104207 95474 87205 78124 70480 64152 57181 50601 45835 40424 35334 31476 28153 24821 22517 19666 17774 15881 13848 12260 10923 9803 8884 8083 7493 6551 5919 5712 5205 4673 4248 3825 3512 3234 2757 2811 2700 2276 1906 1912 1667 1431 1399 1213 1133 877
390 0 0 0 0 0 0 0 0 0 0 0 0 0 0 0 0 0 0 0 0 0 0 0 0 0 0 0 0 47142 74811 103242 129674 156316 180049 203141 220755 243196 250044 245466 253839 261074 254071 251661 240658 232220 222216 207984 189980 173438 157011 144852 132424 119842 109768 99107 89051 78754 71059 64584 56630 50348 45448 40287 34864 31460 27199 24586 21501 19824 17415 15028 13728 11957 10373 9490 8645 7860 6986 6738 5909 5556 5167 4384 4200 3963 3603 3488 3128 2639 2306 2200 2060 1760 1725 1477 1317 1335 1289 1257
380 0 0 0 0 0 0 0 0 0 0 0 0 0 0 0 0 0 0 0 0 0 0 0 0 0 0 45344 79153 115218 152908 192580 231522 268564 303211 331757 336581 350855 369316 375229 368344 360978 348467 336177 317433 298737 282613 259586 233592 210286 188715 171471 153267 139277 122788 111248 100095 89194 79203 70322 61968 54811 48208 41977 37614 32431 29311 25347 22689 19774 18129 16122 14159 12414 11227 9814 8896 8352 7294 6979 6112 5939 5379 4816 4445 4020 3953 3595 3378 2872 2615 2637 2175 2036 1884 1665 1790 2137 8368 0
370 0 0 0 0 0 0 0 0 0 0 0 0 0 0 0 0 0 0 0 0 0 0 0 0 36455 67715 104919 150885 200712 252000 306787 361950 397006 418433 463897 486729 496879 503113 500851 485424 469159 450001 427638 400661 372653 347616 316706 281759 250447 224002 200036 179102 160572 143267 126121 113095 100689 88285 78165 68030 60755 53771 46605 40733 35997 31598 28377 25066 21767 19194 17712 15285 13424 11781 10614 9779 8954 8032 7001 6641 5863 5570 4688 4662 4156 3921 3454 3242 2989 3088 2614 2486 2984 0 0 0 0 0 0
360 0 0 0 0 0 0 0 0 0 0 0 0 0 0 0 0 0 0 0 0 0 0 45663 69726 99223 132646 175437 227259 287966 343787 370696 428183 480665 513223 540609 556184 562065 560269 547334 534506 510633 484828 456527 425536 395919 365808 331047 293020 259226 233688 208171 183991 164841 146904 128396 115073 101404 90472 80049 70796 60806 53747 47293 41268 36404 32634 28295 25334 22472 19950 17658 15198 13549 12474 11027 9906 8273 8308 6889 6413 6030 5360 4993 4797 4477 4072 3978 3976 4086 0 0 0 0 0 0 0 0 0 0
350 0 0 0 0 0 0 0 0 0 0 0 0 0 0 0 0 0 0 0 0 53531 87781 117318 146693 180627 216445 267702 290746 323805 388082 433249 470756 498273 522217 535142 542468 546434 535919 520629 502873 478403 452887 425002 393320 363903 336858 304632 270096 237131 212664 189708 169255 150255 133993 119754 106691 95209 82305 73758 64998 56641 49861 44011 39114 34602 30339 27387 23364 21416 19018 16638 15419 13087 11895 10339 9775 9171 8205 7402 6758 6053 5655 5304 4965 5571 0 0 0 0 0 0 0 0 0 0 0 0 0 0
340 0 0 0 0 0 0 0 0 0 0 0 0 0 0 0 0 0 0 34394 65093 101922 141766 176764 218430 247945 240631 291219 335297 368782 394832 420305 440947 456044 463876 470505 470771 463036 452177 434876 414661 392090 366968 344022 319128 298877 274623 247214 217332 196131 173914 155399 139954 126059 112995 99775 88690 79214 71108 63438 56137 50051 44357 38361 33234 30470 27243 24842 21759 19107 17925 15395 13815 12496 11375 10125 9147 8937 7987 7493 7191 7184 0 0 0 0 0 0 0 0 0 0 0 0 0 0 0 0 0 0
330 0 0 0 0 0 0 0 0 0 0 0 0 0 0 0 0 23526 36287 53465 81609 114840 159440 151400 170224 215490 237071 257190 276500 294223 309623 323026 330671 338532 342989 341556 338074 330463 321169 310422 297241 280126 263728 245988 227893 213407 198594 177694 161220 142873 128909 115223 105161 95565 83839 76734 69151 62485 56506 49193 44638 39830 35492 32218 28949 25086 22705 20073 18324 16880 14776 13422 12804 11381 10413 9849 9153 9874 0 0 0 0 0 0 0 0 0 0 0 0 0 0 0 0 0 0 0 0 0 0
320 0 0 0 0 0 0 0 0 0 0 0 0 0 0 68075 81897 91802 99012 122876 135541 106900 154468 173447 181380 188762 195483 203470 210499 220027 226973 229849 232900 236746 236384 232861 227148 222701 216388 211688 200397 190267 181132 167834 159683 148386 139625 126952 113690 104323 93898 84795 77482 71427 63818 59387 54288 48365 44004 40186 35539 31972 29447 25513 23615 20976 18786 17074 15863 14356 13476 12573 13045 13639 26083 0 0 0 0 0 0 0 0 0 0 0 0 0 0 0 0 0 0 0 0 0 0 0 0 0
310 0 0 0 0 0 0 0 0 0 0 0 0 850740 1141707 1383480 1542453 1621077 1580400 1573286 1563664 1433943 1274034 1104151 930052 786926 667129 576145 499624 436957 387862 342661 307221 281915 257895 237978 220397 204146 192158 178111 166337 157870 145818 138629 127259 120429 113024 104033 93481 85795 78582 71602 66114 60574 55130 51054 47386 42878 38946 35142 32088 28623 25512 23246 21202 19750 17838 16885 18087 22403 45219 0 0 0 0 0 0 0 0 0 0 0 0 0 0 0 0 0 0 0 0 0 0 0 0 0 0 0 0 0
300 0 0 0 0 0 0 0 0 0 0 2802151 4523523 4981941 4973682 4906604 4904979 4966296 4969715 4970228 4969290 4968767 4969679 4971546 4972738 4634259 3895696 3266391 2716053 2246471 1846605 1526611 1247045 1037099 846946 704285 585053 490078 412893 352010 301649 261306 229707 202038 178230 161151 144501 130042 115107 101952 91625 82557 75859 68374 62685 57678 52600 48454 43378 40368 37595 34934 31821 29015 28338 30481 45283 0 0 0 0 0 0 0 0 0 0 0 0 0 0 0 0 0 0 0 0 0 0 0 0 0 0 0 0 0 0 0 0 0
290 0 0 0 0 0 0 0 0 1299249 2196157 3161383 4096429 4876200 4936857 4961512 4958543 4951309 4948908 4950611 4948395 4949631 4653851 4001386 3345013 2748984 2252736 1844202 1515481 1236425 1017754 827039 672507 549366 447582 365889 297213 244207 202116 167719 138514 117292 98553 83830 72461 62848 54555 48187 40651 36407 31431 27820 25464 22700 20957 18789 17520 15718 14704 14214 12939 11686 10544 0 0 0 0 0 0 0 0 0 0 0 0 0 0 0 0 0 0 0 0 0 0 0 0 0 0 0 0 0 0 0 0 0 0 0 0 0
280 0 0 0 0 0 0 70106 284163 616368 961736 1301936 1672541 1965079 2182562 2341997 2380451 2348638 2248597 2149865 2039626 1830728 1573090 1315952 1068361 865804 702534 568828 464117 377850 308162 246719 199993 160057 127868 105216 82763 67203 53044 43150 35222 28195 23170 18749 15866 12091 10423 8823 7468 5516 4664 3627 3376 2992 2216 2243 1741 1360 1762 0 0 0 0 0 0 0 0 0 0 0 0 0 0 0 0 0 0 0 0 0 0 0 0 0 0 0 0 0 0 0 0 0 0 0 0 0 0 0 0 0
270 0 0 0 0 2840 7045 54572 212678 508883 854364 1197382 1535270 1843190 2082124 2241512 2331351 2300528 2220859 2131230 2030838 1811014 1572328 1313106 1074704 872833 706288 577860 471608 384204 310061 251968 203121 162135 132377 107049 85749 70004 55323 45970 36805 30268 24876 20354 17113 14082 11915 10091 8127 6392 5120 4518 3268 3404 3056 0 0 0 0 0 0 0 0 0 0 0 0 0 0 0 0 0 0 0 0 0 0 0 0 0 0 0 0 0 0 0 0 0 0 0 0 0 0 0 0 0 0 0 0 0
260 0 0 1495 1631 1239 587 31519 132775 298579 505975 731098 966050 1191147 1380348 1509631 1578882 1566904 1526200 1465940 1395294 1245328 1075381 901451 736095 600414 487132 396293 322939 264965 215144 175066 140782 115716 94541 76365 62094 50909 41875 35325 28914 24912 20999 17422 14837 12643 11468 9622 8247 6345 5900 0 0 0 0 0 0 0 0 0 0 0 0 0 0 0 0 0 0 0 0 0 0 0 0 0 0 0 0 0 0 0 0 0 0 0 0 0 0 0 0 0 0 0 0 0 0 0 0 0
250 284 382 422 362 580 1144 8281 34331 80730 144754 220998 303954 383389 457018 507651 536751 533254 521161 503653 480098 429873 371015 310811 253117 204490 164498 135848 109627 89623 72755 58417 47857 38970 32424 26723 22095 17595 14635 11970 10363 8509 7746 6779 4905 4624 4339 0 0 0 0 0 0 0 0 0 0 0 0 0 0 0 0 0 0 0 0 0 0 0 0 0 0 0 0 0 0 0 0 0 0 0 0 0 0 0 0 0 0 0 0 0 0 0 0 0 0 0 0 0
