260 265 270 275 280 285 290 295 300 305 310 315 320 325 330 335 340 345 350 355 360 365 370 375 380 385 390 395 400 405 410 415 420 425 430 435 440 445 450 455 460 465 470 475 480 485 490 495 500 505 510 515 520 525 530 535 540 545 550 555 560 565 570 575 580 585 590 595 600 605 610 615 620 625 630 635 640 645 650 655 660 665 670 675 680 685 690 695 700 705 710 715 720 725 730 735 740 745 750

520 0 0 0 0 0 0 0 0 0 0 0 0 0 0 0 0 0 0 0 0 0 0 0 0 0 0 0 0 0 0 0 0 0 0 0 0 0 0 0 0 0 0 0 0 0 0 0 0 0 0 0 0 0 0 0 0 0 0 0 0 0 0 0 0 0 20 114 286 474 535 551 489 881 756 782 776 674 604 686 552 520 324 330 332 338 250 230 244 174 188 160 114 102 176 96 32 114 64 80

510 0 0 0 0 0 0 0 0 0 0 0 0 0 0 0 0 0 0 0 0 0 0 0 0 0 0 0 0 0 0 0 0 0 0 0 0 0 0 0 0 0 0 0 0 0 0 0 0 0 0 0 0 0 0 0 0 0 0 0 0 0 0 0 0 8 12 138 76 0 590 564 852 634 698 766 624 624 568 516 352 466 212 244 290 256 222 202 252 144 146 146 184 150 96 68 110 78 0 34

500 0 0 0 0 0 0 0 0 0 0 0 0 0 0 0 0 0 0 0 0 0 0 0 0 0 0 0 0 0 0 0 0 0 0 0 0 0 0 0 0 0 0 0 0 0 0 0 0 0 0 0 22 262 577 848 533 548 262 214 112 222 164 180 102 0 0 243 428 378 484 532 658 672 662 598 498 464 440 478 438 260 220 316 194 154 190 174 148 102 178 78 96 102 136 78 96 72 28 46

490 0 0 0 0 0 0 0 0 0 0 0 0 0 0 0 0 0 0 0 0 0 0 0 0 0 0 0 0 0 0 0 0 0 0 0 0 0 0 0 0 0 0 0 0 0 0 0 0 1822 1611 1799 2310 2686 2606 3072 2052 1854 1525 1553 1361 995 775 221 580 502 538 498 566 616 544 706 586 596 574 470 572 312 410 380 356 342 274 246 162 184 216 200 134 76 130 96 70 56 102 86 70 80 44 100

480 0 0 0 0 0 0 0 0 0 0 0 0 0 0 0 0 0 0 0 0 0 0 0 0 0 0 0 0 0 0 0 0 0 0 0 0 0 0 0 0 0 0 0 0 0 0 3333 3856 3883 4247 4965 4695 4527 4542 4002 3497 2902 2519 2271 1275 1287 1392 1105 1019 919 698 614 622 640 516 624 520 580 500 486 454 324 396 404 318 220 314 190 262 242 206 236 200 154 146 148 146 154 122 86 132 48 72 82

470 0 0 0 0 0 0 0 0 0 0 0 0 0 0 0 0 0 0 0 0 0 0 0 0 0 0 0 0 0 0 0 0 0 0 0 0 0 0 0 0 0 0 0 0 1824 3328 4152 5326 5147 5206 4656 5016 5005 5005 4839 4660 2600 1565 2627 2351 1954 1872 1643 1353 1037 941 758 708 646 640 634 602 632 500 476 440 374 452 440 482 340 398 150 440 248 314 296 272 228 278 220 160 156 114 120 90 48 114 40

460 0 0 0 0 0 0 0 0 0 0 0 0 0 0 0 0 0 0 0 0 0 0 0 0 0 0 0 0 0 0 0 0 0 0 0 0 0 0 0 0 0 0 0 395 1546 2914 3226 3922 3749 3644 3670 3814 3889 4288 1627 2842 3189 2837 2379 2114 2044 1591 1497 1169 1047 1119 934 714 826 880 618 700 766 614 658 502 378 440 474 572 554 486 386 298 286 292 338 260 272 216 206 116 170 174 90 124 138 80 46

450 0 0 0 0 0 0 0 0 0 0 0 0 0 0 0 0 0 0 0 0 0 0 0 0 0 0 0 0 0 0 0 0 0 0 0 0 0 0 0 0 0 0 27 1137 2027 3695 4076 3890 4282 4158 4401 2631 3100 4746 4252 3824 3511 3234 2879 2701 2364 2052 1833 1459 1463 1379 1407 1229 995 1091 977 926 1050 1002 726 758 744 724 648 624 648 490 462 500 468 358 268 246 226 270 206 174 176 92 94 110 142 86 62

440 0 0 0 0 0 0 0 0 0 0 0 0 0 0 0 0 0 0 0 0 0 0 0 0 0 0 0 0 0 0 0 0 0 0 0 0 0 0 0 0 0 0 0 793 1490 2474 3212 2898 2097 861 3340 4034 3873 3773 3639 3343 2976 2896 2709 2557 2216 2120 2092 1733 1601 1679 1621 1495 1641 1591 1499 1433 1445 1429 1253 1225 1161 908 1106 1052 916 804 690 614 602 464 394 442 384 328 264 246 294 176 214 194 150 84 128

430 0 0 0 0 0 0 0 0 0 0 0 0 0 0 0 0 0 0 0 0 0 0 0 0 0 0 0 0 0 0 0 0 0 0 0 0 0 0 0 0 250 0 296 807 1312 827 0 755 2512 2517 2940 2992 3194 3190 3118 3086 3022 2699 2545 2737 2412 2318 2230 2098 1982 2108 1903 2188 2073 1943 1903 1925 2047 1707 1735 1509 1551 1483 1335 1215 1094 1072 1014 842 686 644 734 616 438 386 444 386 402 390 268 180 226 192 142

420 0 0 0 0 0 0 0 0 0 0 0 0 0 0 0 0 0 0 0 0 0 0 0 0 0 0 0 0 0 0 0 0 0 0 0 0 0 0 0 0 0 0 0 0 0 1114 1788 2245 2435 2646 2434 2866 2941 2952 3002 2665 2697 2615 2537 2451 2492 2184 2144 2228 2112 2050 2086 2064 2104 1867 2001 1765 1929 1621 1549 1449 1395 1397 1227 1062 1044 986 940 828 712 724 630 606 442 536 308 372 344 330 200 282 172 192 238

410 0 0 0 0 0 0 0 0 0 0 0 0 0 0 0 0 0 0 0 0 0 0 0 0 0 0 0 0 0 0 0 0 0 0 0 0 0 0 0 0 0 0 0 163 779 1228 1460 1737 1894 1644 2241 2469 2549 2812 2558 3074 2996 3028 2897 2821 3053 2675 2641 2679 2727 2568 2570 2526 2446 2442 2532 2334 2350 2292 2182 1901 1919 1797 1675 1439 1319 1289 1072 1050 972 972 802 778 580 548 512 422 412 316 292 378 236 212 242

400 0 0 0 0 0 0 0 0 0 0 0 0 0 0 0 0 0 0 0 0 0 0 0 0 0 0 0 0 0 0 0 0 0 0 0 0 0 0 0 0 0 0 242 550 948 1178 1987 1993 2109 2634 2878 3056 3637 3559 3819 3854 3690 3890 3862 3827 3419 3959 3797 3482 3516 3656 3226 3320 3023 3109 3041 2951 2670 2644 2470 2286 2294 2087 1823 1691 1719 1449 1465 1289 976 1042 904 756 668 692 540 526 420 420 312 248 290 258 172

390 0 0 0 0 0 0 0 0 0 0 0 0 0 0 0 0 0 0 0 0 0 0 0 0 0 0 0 0 0 0 0 0 100 0 0 0 0 0 0 557 359 252 677 920 1050 1620 1795 2091 2378 2530 2838 2920 2880 3142 3276 3058 3239 3557 3301 3657 3376 3264 3086 2983 3030 2981 2853 2829 2905 2739 2562 2677 2448 2300 2244 1919 1763 1735 1453 1373 1373 1249 1032 950 828 872 798 704 606 614 480 386 426 450 262 252 168 90 40

380 0 0 0 0 0 0 0 0 0 0 0 0 0 0 0 0 0 0 0 0 0 0 0 0 0 0 0 0 0 229 672 324 0 0 0 1241 527 1259 1748 2015 2865 2853 3267 3227 3620 4312 4528 4893 5314 5207 4936 5179 5660 5339 5508 5568 5344 5235 5289 4585 4638 4551 4377 4082 3997 3819 3693 3542 3568 3149 3273 2795 2646 2662 2296 2338 2258 1823 1769 1601 1447 1405 1111 974 860 866 818 538 486 532 330 360 282 240 240 148 144 0 0

370 0 0 0 0 0 0 0 0 0 0 0 0 0 0 0 0 0 0 0 0 0 0 0 0 0 4738 8649 2231 2366 4505 36876 57660 7517 5127 6150 6786 6748 7137 8091 9245 10469 11176 11505 11838 12318 13206 13803 13589 12870 12747 12545 12284 11833 11270 10588 10672 9798 9091 8838 8296 7381 7008 6662 5896 5583 5445 4777 4408 4127 3482 3476 3179 2851 2364 1986 1944 1797 1473 1407 1269 915 969 660 582 396 256 184 0 0 0 0 0 0 0 0 0 0 0 0

360 0 0 0 0 0 0 0 0 0 0 0 0 0 0 0 0 0 0 0 0 0 0 3503 10717 12535 5369 6330 15102 74793 34338 7027 6657 6718 8138 8430 8512 9490 9885 11342 12558 13187 13949 14151 14847 15372 16563 16645 16052 16031 14986 14485 13811 13708 13615 12764 12082 10929 10369 9375 9049 8242 7548 6730 6492 5653 5322 5154 4472 4141 3800 3294 3274 2745 2558 2156 1861 1807 1605 1309 931 695 641 357 38 0 0 0 0 0 0 0 0 0 0 0 0 0 0 0

350 0 0 0 0 0 0 0 0 0 0 0 0 0 0 0 0 0 0 0 0 24186 33543 32087 25066 26949 59066 95297 25729 18145 16491 14473 13256 12018 12020 12725 12724 12634 13059 13825 15195 15977 16607 16907 17501 17842 18737 18745 18162 17600 17269 16525 15789 14922 13998 14059 13031 12122 11105 10227 9365 8459 7790 7119 6269 5904 5330 5117 4416 4037 3760 3424 3031 2635 2318 2200 2020 1493 1259 829 715 507 165 189 0 0 0 0 0 0 0 0 0 0 0 0 0 0 0 0

340 0 0 0 0 0 0 0 0 0 0 0 0 0 0 0 0 0 0 53986 73709 73665 74806 81478 152768 103459 57676 51545 44976 39201 33511 28941 26060 22731 21118 19016 17861 16962 17029 17051 16926 17890 17802 17686 18082 18270 18373 18580 17851 17593 16438 15499 15308 14737 14290 12933 12069 11277 10501 9701 8804 7979 7153 6301 6046 5448 5003 4520 4095 3768 3099 2737 2496 2114 1986 1606 1395 889 701 613 408 0 0 0 0 0 0 0 0 0 0 0 0 0 0 0 0 0 0 0

330 0 0 0 0 0 0 0 0 0 0 0 0 0 0 0 0 47010 69766 80109 89346 131936 199355 103794 86438 76114 68031 60029 51916 44488 38436 33507 28045 25260 21902 20077 18348 17412 16977 16399 15947 16397 16712 16203 16025 16292 16505 16511 15822 14892 14365 13773 13235 12498 11890 11086 10445 9285 8685 7992 7356 6792 6140 5566 5073 4560 4153 3927 3346 2887 2585 2028 1898 1632 1215 1438 761 211 0 0 0 0 0 0 0 0 0 0 0 0 0 0 0 0 0 0 0 0 0 0

320 0 0 0 0 0 0 0 0 0 0 0 0 0 0 53072 66629 68066 91181 188858 169962 113896 113276 105439 93039 79857 70663 61249 53540 45265 38253 32242 28261 23856 20581 18441 16014 14368 14157 13122 12283 12633 12279 12362 12439 12104 12481 12334 11662 11392 10777 10256 10033 9109 8877 8410 7653 7033 6637 5657 5366 4869 4352 3949 3626 3223 2895 2553 2438 1998 1646 1594 1432 657 0 0 0 0 0 0 0 0 0 0 0 0 0 0 0 0 0 0 0 0 0 0 0 0 0 0

310 0 0 0 0 0 0 0 0 0 0 0 0 107870 140455 154660 184247 265760 180678 163890 160336 148443 133348 117771 98905 82401 69575 59245 49812 42319 35308 29067 25333 20576 18556 15482 13408 11923 10944 10080 9724 9250 9184 9027 8723 8700 8688 8820 8017 7818 7822 7115 7183 6708 6296 5885 5169 4905 4406 4177 3758 3362 2989 2809 2406 2170 1782 1642 1684 1249 964 0 0 0 0 0 0 0 0 0 0 0 0 0 0 0 0 0 0 0 0 0 0 0 0 0 0 0 0 0

300 0 0 0 0 0 0 0 0 0 0 114991 147509 179924 286535 307505 241338 233062 226457 214286 200306 175392 151639 126597 102817 83066 67790 56737 46209 38701 31749 26556 21916 18040 14974 12921 10821 9443 8641 7381 6949 6595 6262 6097 6023 6085 6015 5808 5703 5376 5226 5107 4586 4404 4299 3860 3432 3386 2963 2983 2422 2040 2050 1843 1726 1470 1005 0 0 0 0 0 0 0 0 0 0 0 0 0 0 0 0 0 0 0 0 0 0 0 0 0 0 0 0 0 0 0 0 0

290 0 0 0 0 0 0 0 0 91938 156341 225157 333693 300839 309929 314779 292563 271631 249469 227543 204667 173689 145859 118013 93568 74018 59217 48898 39028 33053 26279 21405 17898 14986 12255 10166 8995 7605 6666 5676 5594 5195 4812 4770 4403 4603 4535 4727 4210 4099 3939 3985 3642 3424 3111 3113 2737 2536 2506 2126 2186 1797 1569 0 0 0 0 0 0 0 0 0 0 0 0 0 0 0 0 0 0 0 0 0 0 0 0 0 0 0 0 0 0 0 0 0 0 0 0 0

280 0 0 0 0 0 0 30779 67194 138160 244710 266802 293600 305417 307225 292973 261859 231925 206027 183061 163891 137973 115181 93441 75312 58977 47594 38958 31844 25766 20809 16995 13738 11853 9243 7545 6411 5636 4717 4301 3658 3469 3076 2927 3024 2962 3178 2845 2944 2839 2579 2477 2354 2360 2270 2064 2068 1747 1649 0 0 0 0 0 0 0 0 0 0 0 0 0 0 0 0 0 0 0 0 0 0 0 0 0 0 0 0 0 0 0 0 0 0 0 0 0 0 0 0 0

270 0 0 0 0 2339 10902 44514 83404 132328 210104 265960 284760 282537 266381 236337 203245 174185 151249 133189 120129 102165 85251 69299 57735 44901 36831 29771 24528 20253 16505 13439 11602 9369 7444 6303 5378 4356 3810 2827 2728 2334 2495 2262 1950 2175 2099 1904 1988 1922 1656 1742 1682 1770 1647 0 0 0 0 0 0 0 0 0 0 0 0 0 0 0 0 0 0 0 0 0 0 0 0 0 0 0 0 0 0 0 0 0 0 0 0 0 0 0 0 0 0 0 0 0

260 0 0 234 450 2680 9467 29036 64548 112398 165188 199998 206844 193740 177475 153415 127487 104229 89574 81171 75331 64500 52768 46136 38384 30033 24699 20610 17038 14410 11821 9809 8802 6836 5767 4971 4130 3402 3027 2473 1952 1661 1595 1565 1448 1480 1009 1304 1109 1033 1065 0 0 0 0 0 0 0 0 0 0 0 0 0 0 0 0 0 0 0 0 0 0 0 0 0 0 0 0 0 0 0 0 0 0 0 0 0 0 0 0 0 0 0 0 0 0 0 0 0

250 54 68 132 146 550 4873 16507 37306 62512 88134 103030 104822 95420 85476 74397 62613 52352 46502 42741 39580 35011 28867 25137 20597 16523 13523 10753 9466 7568 6426 5010 4192 3140 3038 2367 1936 1421 1318 1075 801 526 470 527 451 619 387 0 0 0 0 0 0 0 0 0 0 0 0 0 0 0 0 0 0 0 0 0 0 0 0 0 0 0 0 0 0 0 0 0 0 0 0 0 0 0 0 0 0 0 0 0 0 0 0 0 0 0 0 0
