260 265 270 275 280 285 290 295 300 305 310 315 320 325 330 335 340 345 350 355 360 365 370 375 380 385 390 395 400 405 410 415 420 425 430 435 440 445 450 455 460 465 470 475 480 485 490 495 500 505 510 515 520 525 530 535 540 545 550 555 560 565 570 575 580 585 590 595 600 605 610 615 620 625 630 635 640 645 650 655 660 665 670 675 680 685 690 695 700 705 710 715 720 725 730 735 740 745 750
520 0 0 0 0 0 0 0 0 0 0 0 0 0 0 0 0 0 0 0 0 0 0 0 0 0 0 0 0 0 0 0 0 0 0 0 0 0 0 0 0 0 0 0 0 0 0 0 0 0 0 0 0 0 0 3528 4783 4973 6004 6420 6875 8660 9225 9564 9831 10443 10343 9959 9819 9516 8813 10223 9565 8474 7536 7897 9345 11723 12167 10643 9238 7626 6659 5977 5113 4772 4207 4178 4116 4146 4182 3894 3431 2806 2059 1577 1301 980 846 600
510 0 0 0 0 0 0 0 0 0 0 0 0 0 0 0 0 0 0 0 0 0 0 0 0 0 0 0 0 0 0 0 0 0 0 0 0 0 0 0 0 0 0 0 0 0 0 0 0 0 0 0 0 5903 7254 8098 9557 10188 9949 11173 11331 11244 12167 12293 12725 12358 12221 11558 12049 12326 9554 8922 8022 8031 7730 8657 9135 9978 9908 9067 8314 7070 6167 5247 4760 3970 3932 3683 3365 3135 3303 2724 2518 2123 1609 1237 1094 734 630 604
500 0 0 0 0 0 0 0 0 0 0 0 0 0 0 0 0 0 0 0 0 0 0 0 0 0 0 0 0 0 0 0 0 0 0 0 0 0 0 0 0 0 0 0 0 0 0 0 0 0 0 7337 9733 12038 13118 14478 14803 16106 15730 15588 15683 15677 15670 15552 15949 16521 16587 13915 12068 10578 9699 9670 9237 9316 8320 8273 8171 8638 8557 7753 7371 6516 5666 4567 4387 3631 3173 3138 2966 2648 2614 2269 1929 1529 1403 1120 930 674 596 480
490 0 0 0 0 0 0 0 0 0 0 0 0 0 0 0 0 0 0 0 0 0 0 0 0 0 0 0 0 0 0 0 0 0 0 0 0 0 0 0 0 0 0 0 0 0 0 0 0 8828 11970 14387 17558 18430 20191 20680 21033 20745 20744 20513 20048 20043 20596 22076 19280 15684 14205 13455 13027 12336 11598 10809 9983 9313 8400 8150 8066 8210 7702 6713 6185 5399 4652 4068 3343 3113 2936 2352 2356 2335 2069 1773 1759 1287 1100 934 710 542 562 438
480 0 0 0 0 0 0 0 0 0 0 0 0 0 0 0 0 0 0 0 0 0 0 0 0 0 0 0 0 0 0 0 0 0 0 0 0 0 0 0 0 0 0 0 0 0 0 11891 15295 18032 22898 24356 28040 28790 29137 29837 29880 30040 28718 28787 30168 29167 24238 21078 18519 18877 18273 17108 15761 14031 13363 12142 10949 10013 9164 8351 8202 7807 7626 6835 6268 4948 4698 4120 3371 3067 2826 2418 2317 2005 1965 1899 1531 1315 1136 760 550 604 558 500
470 0 0 0 0 0 0 0 0 0 0 0 0 0 0 0 0 0 0 0 0 0 0 0 0 0 0 0 0 0 0 0 0 0 0 0 0 0 0 0 0 0 0 0 0 18370 24316 30877 36887 40564 45845 46758 48491 50181 50439 50669 50781 53099 53202 44073 38582 35993 34559 34184 32043 28735 26750 24196 22651 20123 18206 16649 14765 13543 12195 11755 10948 10665 9742 8802 8015 7060 5853 5401 4718 3952 3551 3273 2768 2734 2494 2021 2115 1599 1323 996 840 764 794 560
460 0 0 0 0 0 0 0 0 0 0 0 0 0 0 0 0 0 0 0 0 0 0 0 0 0 0 0 0 0 0 0 0 0 0 0 0 0 0 0 0 0 0 18566 22764 30613 37116 42822 46312 48739 51388 52228 54216 54792 56763 60076 53703 46199 42415 40615 39635 37682 34861 32022 29052 27091 24967 22531 20593 18524 16210 15075 13690 12458 11469 10675 10681 10785 10104 8758 7833 6456 6065 5550 4405 3892 3423 3325 3249 2812 2802 2454 1969 1779 1445 1195 930 768 778 600
450 0 0 0 0 0 0 0 0 0 0 0 0 0 0 0 0 0 0 0 0 0 0 0 0 0 0 0 0 0 0 0 0 0 0 0 0 0 0 0 0 21521 28159 36725 42165 51393 56463 61430 65445 66691 69365 71022 76646 74126 62797 57605 56221 56180 54901 50423 46614 42204 39543 35118 32554 29605 27238 24123 22073 19897 18750 17124 17115 15808 15336 15182 16715 17852 16195 14339 11792 10254 9043 7462 6757 6460 5875 5249 5149 5271 4942 4102 3636 3023 2454 1907 1425 1259 954 674
440 0 0 0 0 0 0 0 0 0 0 0 0 0 0 0 0 0 0 0 0 0 0 0 0 0 0 0 0 0 0 0 0 0 0 0 0 0 0 21259 29896 40030 45305 55602 58737 6.65E+04 7.33E+04 7.86E+04 8.00E+04 8.56E+04 9.04E+04 7.77E+04 7.23E+04 6.96E+04 70994 69709 65428 61126 57305 53369 48822 44656 39636 36408 33266 29905 27080 24610 22793 20648 21379 23804 26980 27427 26379 27581 32860 39166 40115 34632 29724 24033 19740 17851 15912 14626 14016 13970 14394 14602 15012 13925 11689 9252 6769 5201 3810 2824 2287 1869
430 0 0 0 0 0 0 0 0 0 0 0 0 0 0 0 0 0 0 0 0 0 0 0 0 0 0 0 0 0 0 0 0 0 0 0 0 21052 29649 41050 49581 59644 6.63E+04 7.55E+04 8.17E+04 8.89E+04 9.87E+04 1.13E+05 1.04E+05 9.15E+04 8.91E+04 9.19E+04 9.14E+04 8.81E+04 83067 80601 74923 69110 63730 59463 53605 48900 44303 39837 35511 32429 29154 27705 25289 25127 26048 31448 38342 39763 37288 42803 55310 73616 80452 70464 59235 47890 39138 33858 30784 27906 26279 27996 28699 30330 31089 28842 25123 20131 15086 10983 7965 5770 4453 3317
420 0 0 0 0 0 0 0 0 0 0 0 0 0 0 0 0 0 0 0 0 0 0 0 0 0 0 0 0 0 0 0 0 0 0 19921 30187 42510 53394 6.34E+04 7.13E+04 8.24E+04 9.28E+04 1.02E+05 1.22E+05 1.29E+05 1.17E+05 1.15E+05 1.20E+05 1.22E+05 1.19E+05 1.16E+05 1.12E+05 1.06E+05 1.00E+05 95197 88772 81879 75376 68447 62021 56402 51161 46061 42225 39058 37047 33481 31069 29616 29446 31314 36568 38950 44723 60335 88449 119304 126274 112330 91759 76153 62628 54173 47831 43491 42123 43742 46719 49927 50557 47364 40549 31615 23647 16790 12272 8938 6362 5435
410 0 0 0 0 0 0 0 0 0 0 0 0 0 0 0 0 0 0 0 0 0 0 0 0 0 0 0 0 0 0 0 0 19753 27475 41107 53256 6.17E+04 7.34E+04 8.25E+04 9.46E+04 1.12E+05 1.33E+05 1.18E+05 1.15E+05 1.28E+05 1.40E+05 1.41E+05 1.39E+05 1.33E+05 1.32E+05 1.25E+05 1.20E+05 1.15E+05 1.08E+05 100191 93669 86688 79807 70997 64581 59358 54783 53907 55939 53308 45780 39226 34492 32168 29797 31342 35116 39080 47794 65217 95222 125320 140194 124386 104380 87378 70857 60537 51979 48115 46183 48521 51607 54462 55115 51724 44486 34939 25912 18328 13455 9923 7222 5395
400 0 0 0 0 0 0 0 0 0 0 0 0 0 0 0 0 0 0 0 0 0 0 0 0 0 0 0 0 0 0 30362 43457 52404 6.22E+04 7.08E+04 8.40E+04 9.53E+04 1.10E+05 1.40E+05 1.33E+05 1.17E+05 1.27E+05 1.43E+05 1.51E+05 1.56E+05 1.62E+05 1.59E+05 1.54E+05 1.49E+05 1.41E+05 1.36E+05 1.30E+05 1.22E+05 1.14E+05 1.06E+05 99813 91004 83093 74934 68538 62110 57551 53963 52811 49213 40831 35604 31698 28588 27404 27577 30439 33029 37798 46370 59889 74280 80157 72989 64310 55973 46825 40244 33671 29683 29212 28512 29538 29731 29457 27004 23366 18150 13842 9967 7333 5163 3952 3053
390 0 0 0 0 0 0 0 0 0 0 0 0 0 0 0 0 0 0 0 0 0 0 0 0 0 0 0 0 53107 73429 8.85E+04 9.59E+04 1.04E+05 1.12E+05 1.24E+05 1.48E+05 1.66E+05 1.34E+05 1.32E+05 1.50E+05 1.57E+05 1.60E+05 1.63E+05 1.64E+05 1.64E+05 1.66E+05 1.62E+05 1.53E+05 1.46E+05 1.38E+05 1.32E+05 1.23E+05 1.16E+05 1.08E+05 9.99E+04 93398 85281 77615 70681 63932 56637 52110 48132 44623 40771 35331 31495 28096 25841 24072 23460 25219 27446 29144 35623 45104 57254 62607 57145 50665 44029 36290 30968 26423 23171 21760 21718 22200 23292 21815 20742 17782 14058 10428 7671 5573 4223 3422 2741
380 0 0 0 0 0 0 0 0 0 0 0 0 0 0 0 0 0 0 0 0 0 0 0 0 0 0 175147 1.78E+05 2.00E+05 2.41E+05 2.64E+05 2.62E+05 2.52E+05 2.79E+05 2.56E+05 2.27E+05 2.36E+05 2.35E+05 2.26E+05 2.18E+05 2.13E+05 2.05E+05 2.02E+05 1.92E+05 1.86E+05 1.81E+05 1.71E+05 1.58E+05 1.49E+05 1.39E+05 1.30E+05 1.19E+05 1.13E+05 1.05E+05 9.61E+04 8.74E+04 79855 72800 66288 58988 53636 48111 44513 39927 37006 32019 28584 26643 23637 22726 22101 22801 23473 24020 27882 34497 43396 45901 43110 38122 33339 27905 23428 20200 17776 16444 15757 16668 16094 15982 14779 12721 9859 7616 5625 4473 3495 3488 0
370 0 0 0 0 0 0 0 0 0 0 0 0 0 0 0 0 0 0 0 0 0 0 0 0 119101 189798 2.07E+05 2.07E+05 2.34E+05 2.84E+05 3.30E+05 3.35E+05 2.72E+05 2.71E+05 2.95E+05 2.97E+05 2.87E+05 2.72E+05 2.58E+05 2.46E+05 2.36E+05 2.26E+05 2.13E+05 2.01E+05 1.92E+05 1.84E+05 1.71E+05 1.57E+05 1.44E+05 1.33E+05 1.22E+05 1.14E+05 1.05E+05 9.59E+04 8.99E+04 8.11E+04 7.41E+04 66787 60297 54198 49107 44672 40127 37683 33245 30506 27223 24562 22224 21035 20437 21409 21162 21425 24370 30376 37433 41435 38397 33172 28949 24424 20302 17843 15507 14321 14003 14122 14346 14449 12611 11378 9371 7261 0 0 0 0 0
360 0 0 0 0 0 0 0 0 0 0 0 0 0 0 0 0 0 0 0 0 0 0 45560 89986 1.87E+05 2.67E+05 2.89E+05 2.97E+05 3.64E+05 3.76E+05 3.72E+05 3.85E+05 3.74E+05 3.65E+05 3.65E+05 3.56E+05 3.36E+05 3.12E+05 2.87E+05 2.69E+05 2.53E+05 2.37E+05 2.22E+05 2.05E+05 1.90E+05 1.79E+05 1.63E+05 1.51E+05 1.36E+05 1.23E+05 1.13E+05 1.04E+05 9.44E+04 8.79E+04 8.02E+04 7.24E+04 6.61E+04 60324 54967 49470 44566 39730 36089 32984 30619 26824 24373 22083 20041 19001 17889 18228 18728 19378 21967 27534 33941 36391 33204 29517 24750 21029 18247 15720 13518 12272 13167 12525 13758 13469 0 0 0 0 0 0 0 0 0
350 0 0 0 0 0 0 0 0 0 0 0 0 0 0 0 0 0 0 0 0 53524 7.39E+04 9.27E+04 1.23E+05 2.00E+05 2.93E+05 3.28E+05 2.61E+05 3.01E+05 3.63E+05 3.84E+05 3.77E+05 3.60E+05 3.47E+05 3.42E+05 3.33E+05 3.12E+05 2.93E+05 2.67E+05 2.50E+05 2.34E+05 2.19E+05 2.04E+05 1.90E+05 1.77E+05 1.65E+05 1.53E+05 1.37E+05 1.26E+05 1.15E+05 1.05E+05 9.63E+04 8.95E+04 8.27E+04 7.59E+04 6.93E+04 6.23E+04 56989 50521 46580 42069 37540 34715 30981 28102 25884 23169 21239 19373 18375 17591 17468 17612 18169 20718 25164 29921 32184 29243 24918 21384 18049 15591 13714 12766 11214 0 0 0 0 0 0 0 0 0 0 0 0 0
340 0 0 0 0 0 0 0 0 0 0 0 0 0 0 0 0 0 0 102994 136944 1.58E+05 1.67E+05 1.86E+05 2.57E+05 2.56E+05 2.67E+05 3.14E+05 3.20E+05 3.36E+05 3.62E+05 3.68E+05 3.56E+05 3.36E+05 3.23E+05 3.14E+05 3.02E+05 2.82E+05 2.61E+05 2.41E+05 2.23E+05 2.10E+05 1.96E+05 1.86E+05 1.73E+05 1.65E+05 1.58E+05 1.47E+05 1.35E+05 1.26E+05 1.15E+05 1.06E+05 9.95E+04 9.15E+04 8.49E+04 7.76E+04 72360 66301 60254 54788 49545 44678 40612 37664 34104 30446 27449 25132 22581 21133 19536 18311 17757 17832 18171 19934 23763 27756 29467 26234 23099 20092 18108 0 0 0 0 0 0 0 0 0 0 0 0 0 0 0 0 0
330 0 0 0 0 0 0 0 0 0 0 0 0 0 0 0 0 142670 168900 200183 249224 2.91E+05 3.20E+05 2.26E+05 2.61E+05 3.02E+05 3.21E+05 3.18E+05 3.12E+05 3.13E+05 3.20E+05 3.19E+05 3.05E+05 2.86E+05 2.74E+05 2.63E+05 2.52E+05 2.35E+05 2.16E+05 2.01E+05 1.90E+05 1.80E+05 1.71E+05 1.63E+05 1.54E+05 1.48E+05 1.44E+05 1.38E+05 1.28E+05 1.20E+05 1.12E+05 1.06E+05 9.97E+04 9.23E+04 85781 79745 74359 68785 62591 57072 52433 46584 42095 38828 35123 32012 28690 26515 23779 21827 19873 19184 18637 18509 17959 18813 22596 24841 25498 0 0 0 0 0 0 0 0 0 0 0 0 0 0 0 0 0 0 0 0 0
320 0 0 0 0 0 0 0 0 0 0 0 0 0 0 71771 1.30E+05 1.80E+05 2.12E+05 2.96E+05 2.86E+05 2.63E+05 3.05E+05 3.05E+05 2.96E+05 2.94E+05 2.92E+05 2.83E+05 2.71E+05 2.63E+05 2.62E+05 2.55E+05 2.42E+05 2.27E+05 2.17E+05 2.08E+05 1.96E+05 1.86E+05 1.74E+05 1.63E+05 1.55E+05 1.47E+05 1.44E+05 1.38E+05 1.36E+05 1.33E+05 1.32E+05 1.30E+05 1.23E+05 1.17E+05 1.10E+05 105541 99717 94488 89839 83470 77034 71249 65019 58516 53777 48499 44862 39696 36780 33556 30250 27126 24432 21796 20215 18863 19034 17664 17739 0 0 0 0 0 0 0 0 0 0 0 0 0 0 0 0 0 0 0 0 0 0 0 0 0
310 0 0 0 0 0 0 0 0 0 0 0 0 4.73E+04 7.50E+04 1.00E+05 1.60E+05 2.41E+05 1.68E+05 2.32E+05 2.88E+05 3.01E+05 2.97E+05 2.83E+05 2.70E+05 2.59E+05 2.50E+05 2.41E+05 2.28E+05 2.20E+05 2.15E+05 2.08E+05 1.99E+05 1.87E+05 1.77E+05 1.69E+05 1.60E+05 1.51E+05 1.45E+05 1.35E+05 1.29E+05 1.25E+05 1.22E+05 1.19E+05 1.17E+05 1.17E+05 1.16E+05 1.15E+05 1.08E+05 103080 99370 94087 91073 84815 80228 74851 70313 63667 58631 54812 49269 44427 39986 36228 32776 29470 26996 24414 21474 20087 19352 0 0 0 0 0 0 0 0 0 0 0 0 0 0 0 0 0 0 0 0 0 0 0 0 0 0 0 0 0
300 0 0 0 0 0 0 0 0 0 0 4.17E+04 5.80E+04 8.44E+04 1.61E+05 1.52E+05 1.52E+05 2.27E+05 2.50E+05 2.71E+05 2.95E+05 2.98E+05 2.88E+05 2.69E+05 2.51E+05 2.39E+05 2.34E+05 2.20E+05 2.08E+05 1.98E+05 1.93E+05 1.87E+05 1.75E+05 1.65E+05 1.55E+05 1.47E+05 1.40E+05 1.33E+05 1.25E+05 1.18E+05 1.14E+05 1.08E+05 1.06E+05 1.04E+05 1.03E+05 1.00E+05 1.00E+05 9.68E+04 9.24E+04 8.78E+04 8.33E+04 79856 76249 70969 67838 63418 58368 54416 49134 46041 41240 37684 33752 30514 27189 24909 22991 0 0 0 0 0 0 0 0 0 0 0 0 0 0 0 0 0 0 0 0 0 0 0 0 0 0 0 0 0 0 0 0 0
290 0 0 0 0 0 0 0 0 6.25E+04 9.82E+04 1.40E+05 2.06E+05 1.65E+05 2.30E+05 2.74E+05 2.94E+05 3.11E+05 3.17E+05 3.24E+05 3.37E+05 3.26E+05 3.02E+05 2.71E+05 2.49E+05 2.31E+05 2.21E+05 2.06E+05 1.89E+05 1.79E+05 1.73E+05 1.65E+05 1.52E+05 1.43E+05 1.35E+05 1.28E+05 1.23E+05 1.15E+05 1.10E+05 1.04E+05 1.00E+05 9.67E+04 9.39E+04 92977 90634 89833 89520 86740 82077 77986 73182 70131 67231 63285 58997 55319 50614 47831 43633 39148 36475 32760 29333 0 0 0 0 0 0 0 0 0 0 0 0 0 0 0 0 0 0 0 0 0 0 0 0 0 0 0 0 0 0 0 0 0 0 0 0 0
280 0 0 0 0 0 0 22195 5.16E+04 1.04E+05 1.50E+05 1.54E+05 2.12E+05 2.33E+05 2.55E+05 2.63E+05 2.72E+05 2.76E+05 2.70E+05 2.71E+05 2.76E+05 2.67E+05 2.45E+05 2.21E+05 1.99E+05 1.85E+05 1.74E+05 1.63E+05 1.51E+05 1.41E+05 1.37E+05 1.33E+05 1.25E+05 1.16E+05 1.11E+05 1.08E+05 1.02E+05 98550 94241 91228 88207 85676 84080 82007 81102 80700 80752 78457 74639 71662 67636 66631 61060 57960 54271 50648 47575 44171 40135 0 0 0 0 0 0 0 0 0 0 0 0 0 0 0 0 0 0 0 0 0 0 0 0 0 0 0 0 0 0 0 0 0 0 0 0 0 0 0 0 0
270 0 0 0 0 704 3368 17538 2.12E+04 4.85E+04 8.55E+04 1.11E+05 1.29E+05 1.46E+05 1.60E+05 1.68E+05 1.76E+05 1.78E+05 1.74E+05 1.76E+05 1.84E+05 1.79E+05 1.66E+05 1.51E+05 1.39E+05 1.32E+05 1.30E+05 1.23E+05 1.15E+05 1.10E+05 1.11E+05 1.09E+05 1.03E+05 9.69E+04 9.40E+04 9.05E+04 8.80E+04 84617 81346 78814 75386 73979 74385 74241 72043 72380 73670 71877 69181 66869 63615 60598 58837 56224 51819 0 0 0 0 0 0 0 0 0 0 0 0 0 0 0 0 0 0 0 0 0 0 0 0 0 0 0 0 0 0 0 0 0 0 0 0 0 0 0 0 0 0 0 0 0
260 0 0 158 206 486 0 5101 1.28E+04 2.42E+04 3.74E+04 4.86E+04 5.91E+04 7.12E+04 8.33E+04 8.96E+04 9.25E+04 9.61E+04 9.43E+04 9.61E+04 1.03E+05 1.03E+05 9.84E+04 9.20E+04 8.74E+04 8.74E+04 8.76E+04 8.56E+04 8.01E+04 7.88E+04 7.94E+04 7.93E+04 7.54E+04 7.12E+04 6.84E+04 66802 64584 61667 58949 56710 53951 53792 51260 49896 49158 48656 48635 46769 44472 41702 39739 0 0 0 0 0 0 0 0 0 0 0 0 0 0 0 0 0 0 0 0 0 0 0 0 0 0 0 0 0 0 0 0 0 0 0 0 0 0 0 0 0 0 0 0 0 0 0 0 0
250 58 98 62 80 168 600 2348 5918 10619 1.61E+04 2.10E+04 2.55E+04 3.06E+04 3.68E+04 3.99E+04 4.43E+04 4.66E+04 4.82E+04 5.23E+04 5.70E+04 6.02E+04 5.99E+04 5.84E+04 5.64E+04 5.92E+04 6.27E+04 6.15E+04 5.76E+04 5.73E+04 59559 58463 55492 50803 48687 46631 45878 43353 39826 37334 35028 33566 31905 31641 30116 29657 28211 0 0 0 0 0 0 0 0 0 0 0 0 0 0 0 0 0 0 0 0 0 0 0 0 0 0 0 0 0 0 0 0 0 0 0 0 0 0 0 0 0 0 0 0 0 0 0 0 0 0 0 0 0
