260 265 270 275 280 285 290 295 300 305 310 315 320 325 330 335 340 345 350 355 360 365 370 375 380 385 390 395 400 405 410 415 420 425 430 435 440 445 450 455 460 465 470 475 480 485 490 495 500 505 510 515 520 525 530 535 540 545 550 555 560 565 570 575 580 585 590 595 600 605 610 615 620 625 630 635 640 645 650 655 660 665 670 675 680 685 690 695 700 705 710 715 720 725 730 735 740 745 750
520 0 0 0 0 0 0 0 0 0 0 0 0 0 0 0 0 0 0 0 0 0 0 0 0 0 0 0 0 0 0 0 0 0 0 0 0 0 0 0 0 0 0 0 0 0 0 0 0 0 0 0 0 0 0 3875 5815 7188 7739 7980 7188 6713 5452 4352 3821 3168 2535 2256 1984 1809 1469 903 1285 715 702 460 520 336 388 236 324 272 178 132 202 132 154 144 84 118 108 54 102 56 88 78 82 22 56 44
510 0 0 0 0 0 0 0 0 0 0 0 0 0 0 0 0 0 0 0 0 0 0 0 0 0 0 0 0 0 0 0 0 0 0 0 0 0 0 0 0 0 0 0 0 0 0 0 0 0 0 0 0 1165 1539 2928 3569 4716 4892 5354 4847 4252 3369 2855 2386 1888 1940 1401 1162 1238 1043 941 709 416 498 350 388 260 236 146 256 170 190 144 132 128 100 94 54 26 82 60 58 92 38 68 22 84 14 32
500 0 0 0 0 0 0 0 0 0 0 0 0 0 0 0 0 0 0 0 0 0 0 0 0 0 0 0 0 0 0 0 0 0 0 0 0 0 0 0 0 0 0 0 0 0 0 0 0 0 0 840 565 899 1061 1748 2209 3382 4048 3874 3543 3086 2717 2128 1664 1360 1489 1017 1059 851 675 498 640 484 340 384 310 158 184 128 160 132 156 128 96 80 36 66 118 18 86 44 80 2 30 82 28 22 58 38
490 0 0 0 0 0 0 0 0 0 0 0 0 0 0 0 0 0 0 0 0 0 0 0 0 0 0 0 0 0 0 0 0 0 0 0 0 0 0 0 0 0 0 0 0 0 0 0 0 621 423 461 288 507 897 1489 1896 2763 2709 3176 3024 2587 2047 1634 1345 1400 1038 855 893 730 596 586 464 442 284 244 252 192 114 136 134 72 96 100 86 130 130 84 84 82 56 110 94 18 62 86 60 36 40 18
480 0 0 0 0 0 0 0 0 0 0 0 0 0 0 0 0 0 0 0 0 0 0 0 0 0 0 0 0 0 0 0 0 0 0 0 0 0 0 0 0 0 0 0 0 0 0 1040 562 494 539 552 493 857 899 1113 1838 2060 2347 2519 2106 1768 1452 1285 962 895 873 916 692 646 586 570 426 366 294 252 272 156 206 256 164 126 58 98 136 74 32 96 96 80 64 78 20 50 26 70 14 44 84 70
470 0 0 0 0 0 0 0 0 0 0 0 0 0 0 0 0 0 0 0 0 0 0 0 0 0 0 0 0 0 0 0 0 0 0 0 0 0 0 0 0 0 0 0 0 1048 813 821 866 960 832 963 1051 1087 1139 1520 1680 1557 1514 1809 2026 1501 1314 1193 1107 1087 843 720 672 734 572 562 394 402 196 310 304 198 196 176 272 130 82 146 112 132 36 120 68 74 40 74 126 44 102 62 38 34 0 24
460 0 0 0 0 0 0 0 0 0 0 0 0 0 0 0 0 0 0 0 0 0 0 0 0 0 0 0 0 0 0 0 0 0 0 0 0 0 0 0 0 0 0 936 641 593 835 641 699 959 909 1015 1121 760 1000 825 1133 1402 1252 1289 1327 1179 949 903 803 698 716 660 488 546 458 396 394 366 278 330 212 154 134 138 82 164 182 102 108 32 94 76 60 56 90 114 86 118 124 20 118 60 52 42
450 0 0 0 0 0 0 0 0 0 0 0 0 0 0 0 0 0 0 0 0 0 0 0 0 0 0 0 0 0 0 0 0 0 0 0 0 0 0 0 0 837 432 864 683 968 797 1015 1195 1179 1361 1454 1009 1170 1020 972 1124 1209 1263 1053 1211 1161 915 841 806 566 720 590 478 498 322 312 408 298 312 274 196 262 210 106 142 108 104 110 94 100 170 126 120 36 88 66 60 26 90 120 54 34 70 42
440 0 0 0 0 0 0 0 0 0 0 0 0 0 0 0 0 0 0 0 0 0 0 0 0 0 0 0 0 0 0 0 0 0 0 0 0 0 0 1076 717 593 1249 1249 967 1439 1211 1277 1484 1668 640 1514 898 1278 1041 1251 1169 1195 1181 915 943 917 562 622 760 644 522 366 454 460 354 280 290 260 382 224 146 124 122 124 140 142 140 98 34 146 144 102 94 146 124 114 72 60 82 62 116 86 94 64
430 0 0 0 0 0 0 0 0 0 0 0 0 0 0 0 0 0 0 0 0 0 0 0 0 0 0 0 0 0 0 0 0 0 0 0 0 750 1113 200 952 742 1275 1151 1544 1614 1674 927 1617 1121 954 1257 1515 1271 1369 1270 1087 1063 971 947 767 753 747 749 658 518 414 580 414 478 406 300 244 272 188 156 228 196 276 130 110 148 144 88 140 112 150 124 126 120 108 162 78 88 152 102 98 152 90 90
420 0 0 0 0 0 0 0 0 0 0 0 0 0 0 0 0 0 0 0 0 0 0 0 0 0 0 0 0 0 0 0 0 0 0 932 487 565 899 1268 1230 1438 1126 1722 1246 487 1785 1453 1597 1975 1642 1175 1433 1385 1293 1105 1284 1188 1021 1095 937 1079 519 695 594 486 602 404 442 250 296 398 316 390 240 144 158 284 90 148 166 180 180 178 138 98 140 142 150 134 186 188 102 204 158 164 156 124 142 122
410 0 0 0 0 0 0 0 0 0 0 0 0 0 0 0 0 0 0 0 0 0 0 0 0 0 0 0 0 0 0 0 0 838 505 545 1024 1104 1229 1304 1264 523 0 1022 1599 1662 2006 1915 1893 1714 2009 1680 1764 1466 1223 1185 1223 1177 979 1145 1059 793 849 879 669 530 540 478 466 550 406 466 366 210 278 304 210 182 280 228 234 170 162 288 248 178 282 232 224 222 220 258 336 272 272 288 226 272 176 192
400 0 0 0 0 0 0 0 0 0 0 0 0 0 0 0 0 0 0 0 0 0 0 0 0 0 0 0 0 0 0 277 237 485 608 822 961 1650 1976 0 490 1233 1569 1958 2199 2072 2062 2218 1892 2138 1670 1747 1620 1398 1656 1487 1359 1145 1257 1212 1189 933 565 927 707 751 578 524 412 444 398 630 508 304 268 278 286 302 246 288 222 298 264 282 230 248 292 390 328 306 410 376 422 474 376 372 422 376 374 324
390 0 0 0 0 0 0 0 0 0 0 0 0 0 0 0 0 0 0 0 0 0 0 0 0 0 0 0 0 383 34 382 903 876 765 1031 0 0 359 1335 1621 1596 1658 1964 2057 2093 2293 2166 1462 1993 1567 1284 1670 1514 1073 1141 1229 1051 1027 1181 837 869 843 631 537 432 610 496 490 366 474 396 284 416 128 254 236 282 190 248 232 270 274 378 360 460 478 388 508 424 462 556 690 558 526 636 554 518 492 444
380 0 0 0 0 0 0 0 0 0 0 0 0 0 0 0 0 0 0 0 0 0 0 0 0 0 0 191 0 664 941 1147 1042 269 0 0 342 1140 1895 1530 1964 2301 1889 2019 2164 2151 1698 2024 1560 1918 1493 1166 1171 1368 1302 1045 1193 1259 1079 810 1265 825 599 573 745 612 486 458 286 394 340 298 254 252 174 188 278 202 272 360 172 340 314 490 492 636 386 576 602 672 706 686 670 760 838 726 734 708 592 0
370 0 0 0 0 0 0 0 0 0 0 0 0 0 0 0 0 0 0 0 0 0 0 0 0 0 0 0 714 647 896 0 0 0 893 2185 2232 2061 2051 1836 2253 2347 2379 1939 2236 1879 1626 1903 1822 1262 1363 1312 1204 1147 1056 1129 1103 1065 901 1014 1083 579 791 607 453 422 520 428 516 416 442 262 312 232 382 348 252 242 308 316 318 380 480 462 494 524 602 666 712 620 672 890 678 744 841 0 0 0 0 0
360 0 0 0 0 0 0 0 0 0 0 0 0 0 0 0 0 0 0 0 0 0 0 0 0 0 547 770 390 0 0 460 1556 2431 2459 2282 2776 2580 2579 2692 1835 2121 2479 2218 1992 2233 1784 1840 1537 1934 1691 1030 1234 1363 1280 934 1091 1289 1193 1191 1020 871 703 535 563 639 572 512 418 458 224 408 256 420 238 258 336 188 210 170 318 322 346 288 484 368 476 508 582 568 735 0 0 0 0 0 0 0 0 0
350 0 0 0 0 0 0 0 0 0 0 0 0 0 0 0 0 0 0 0 0 175 0 48 1277 1024 0 0 0 709 2401 2347 2790 3050 2713 2253 2491 2622 2674 2712 2502 1984 1872 2190 1907 1665 2119 1937 1620 1623 1509 1298 967 1225 1596 1078 1272 1384 1872 1459 1585 1111 977 955 669 651 617 676 659 538 380 350 348 264 286 382 206 210 318 348 258 212 266 430 396 492 501 0 0 0 0 0 0 0 0 0 0 0 0 0
340 0 0 0 0 0 0 0 0 0 0 0 0 0 0 0 0 0 0 570 477 1016 2015 883 0 0 0 2045 2418 2683 2884 2534 3005 2607 2647 3685 3008 2981 2790 2752 2706 2523 2331 2231 2269 2035 1836 1820 1409 1479 1399 1290 1124 1183 1318 1304 1346 1478 1495 1451 1285 977 1065 923 705 657 703 719 492 424 594 544 226 432 410 376 192 338 186 246 234 482 453 0 0 0 0 0 0 0 0 0 0 0 0 0 0 0 0 0
330 0 0 0 0 0 0 0 0 0 0 0 0 0 0 0 0 590 1284 1596 2463 0 0 0 924 1760 2246 2179 2462 3058 2702 2693 2993 3252 2726 2695 2965 2535 2722 2796 2609 2408 2290 2256 2074 2190 1886 1570 1772 1886 1403 1713 1244 1095 1326 1436 1049 1425 1261 1299 1217 1151 895 859 775 649 907 636 554 614 388 508 368 472 350 302 264 344 293 0 0 0 0 0 0 0 0 0 0 0 0 0 0 0 0 0 0 0 0 0
320 0 0 0 0 0 0 0 0 0 0 0 0 0 0 565 192 1047 1493 0 0 194 2093 1967 1365 2011 1637 2493 2445 2274 2806 2275 2394 2277 2737 2721 2467 2816 2846 2564 2857 2205 2010 2302 2011 2100 2061 1989 1832 1785 1521 1456 1424 1208 1358 1512 1133 1309 1179 1137 1089 1021 919 749 823 731 625 661 428 470 418 396 436 379 520 0 0 0 0 0 0 0 0 0 0 0 0 0 0 0 0 0 0 0 0 0 0 0 0 0
310 0 0 0 0 0 0 0 0 0 0 0 0 838 1653 1641 648 0 147 1135 1756 1911 1560 1612 1893 1946 1606 1259 1858 1960 2240 2245 2260 2323 2017 2555 2820 2673 2639 2145 2151 2499 2160 2602 2220 2280 1937 2066 1825 1705 1447 1312 1304 1428 1150 1112 1047 1187 1437 1481 1157 1169 707 699 651 787 593 567 539 307 446 0 0 0 0 0 0 0 0 0 0 0 0 0 0 0 0 0 0 0 0 0 0 0 0 0 0 0 0 0
300 0 0 0 0 0 0 0 0 0 0 868 1906 1391 0 520 1006 2002 2982 2766 2551 1910 1411 1950 1523 1130 1668 1075 1354 1748 1902 1249 1995 2399 2581 2107 2615 2129 2382 2324 2520 2134 2346 2126 1879 1764 1850 1775 1423 1777 1478 1464 1398 1298 1340 1312 1227 1346 1549 1649 1279 1550 1221 961 873 659 832 798 0 0 0 0 0 0 0 0 0 0 0 0 0 0 0 0 0 0 0 0 0 0 0 0 0 0 0 0 0 0 0 0
290 0 0 0 0 0 0 0 0 3232 5284 6868 5156 4235 5190 4452 4383 2899 4008 2884 3277 2834 1546 1341 1849 1787 1527 1621 2088 1797 2156 1757 1895 1704 2133 1955 2346 1984 2128 2568 1915 1951 2441 2323 1985 1798 1692 1674 1522 1208 1468 1581 1352 1306 1454 1500 1824 2137 2767 2661 2038 1695 1664 1976 0 0 0 0 0 0 0 0 0 0 0 0 0 0 0 0 0 0 0 0 0 0 0 0 0 0 0 0 0 0 0 0 0 0 0 0
280 0 0 0 0 0 0 889 1369 2271 1671 4618 4237 5764 5352 4807 3359 2508 2310 3223 1980 2434 1540 1391 1255 1106 1405 1809 1636 1951 1595 1431 2096 2157 1688 2090 2112 2278 2501 2473 2150 2198 2410 2498 2424 2239 2377 2046 1764 1649 1753 1790 1482 1665 1570 1460 1738 1984 1718 1893 0 0 0 0 0 0 0 0 0 0 0 0 0 0 0 0 0 0 0 0 0 0 0 0 0 0 0 0 0 0 0 0 0 0 0 0 0 0 0 0
270 0 0 0 0 124 81 0 291 1840 3499 3187 4475 2926 3081 3853 2590 2061 2268 2144 1921 1984 2129 1711 1440 1247 1006 1025 1160 1747 1839 1618 1524 1375 1726 1967 1842 1311 1830 1834 1836 1942 2177 1892 2098 1577 1894 1592 1551 1342 1484 1297 1322 1350 1153 1380 0 0 0 0 0 0 0 0 0 0 0 0 0 0 0 0 0 0 0 0 0 0 0 0 0 0 0 0 0 0 0 0 0 0 0 0 0 0 0 0 0 0 0 0
260 0 0 10 0 0 0 523 1177 1544 2599 1684 2079 2607 2083 907 1500 602 1131 1463 1200 1709 991 741 781 764 1023 1384 1367 1301 1126 1125 1176 1583 1338 1364 1270 1413 1329 1020 1483 1447 1353 1341 1079 1408 1316 1394 1280 1252 1059 979 0 0 0 0 0 0 0 0 0 0 0 0 0 0 0 0 0 0 0 0 0 0 0 0 0 0 0 0 0 0 0 0 0 0 0 0 0 0 0 0 0 0 0 0 0 0 0 0
250 8 0 2 0 12 160 398 1077 1219 1521 1699 1335 1343 1221 1026 462 663 713 1484 1076 767 480 949 651 987 1096 1119 1419 1278 1079 1415 1096 1128 1301 1350 1179 934 938 968 713 895 867 817 773 877 937 674 0 0 0 0 0 0 0 0 0 0 0 0 0 0 0 0 0 0 0 0 0 0 0 0 0 0 0 0 0 0 0 0 0 0 0 0 0 0 0 0 0 0 0 0 0 0 0 0 0 0 0 0
