260 265 270 275 280 285 290 295 300 305 310 315 320 325 330 335 340 345 350 355 360 365 370 375 380 385 390 395 400 405 410 415 420 425 430 435 440 445 450 455 460 465 470 475 480 485 490 495 500 505 510 515 520 525 530 535 540 545 550 555 560 565 570 575 580 585 590 595 600 605 610 615 620 625 630 635 640 645 650 655 660 665 670 675 680 685 690 695 700 705 710 715 720 725 730 735 740 745 750
520 0 0 0 0 0 0 0 0 0 0 0 0 0 0 0 0 0 0 0 0 0 0 0 0 0 0 0 0 0 0 0 0 0 0 0 0 0 0 0 0 0 0 0 0 0 0 0 0 0 0 0 0 0 0 403 4 0 356 361 142 430 440 284 330 416 310 382 370 396 244 350 141 282 144 184 240 164 210 216 136 116 96 164 140 150 58 182 184 206 126 178 84 128 78 136 84 102 114 104
510 0 0 0 0 0 0 0 0 0 0 0 0 0 0 0 0 0 0 0 0 0 0 0 0 0 0 0 0 0 0 0 0 0 0 0 0 0 0 0 0 0 0 0 0 0 0 0 0 0 0 0 0 907 1108 1170 1117 1181 785 1001 667 861 650 882 856 768 598 416 478 379 587 380 358 342 232 450 222 180 300 190 202 238 110 230 210 82 90 108 120 84 194 170 176 122 122 114 100 106 108 82
500 0 0 0 0 0 0 0 0 0 0 0 0 0 0 0 0 0 0 0 0 0 0 0 0 0 0 0 0 0 0 0 0 0 0 0 0 0 0 0 0 0 0 0 0 0 0 0 0 0 0 1502 2057 2517 2690 2737 2753 2529 2272 2110 1803 1639 1449 1351 1153 1141 859 671 856 794 558 578 604 476 416 346 268 432 254 366 236 188 172 250 182 160 260 242 152 238 274 78 130 90 86 120 64 112 30 128
490 0 0 0 0 0 0 0 0 0 0 0 0 0 0 0 0 0 0 0 0 0 0 0 0 0 0 0 0 0 0 0 0 0 0 0 0 0 0 0 0 0 0 0 0 0 0 0 0 4155 5681 6503 6544 7097 6869 6729 6219 5434 5258 4542 3989 3566 3399 2857 2489 2304 1935 1825 1571 1441 1247 1083 966 992 740 816 626 484 492 554 412 470 418 454 356 374 386 150 336 228 230 276 242 180 176 188 194 154 210 82
480 0 0 0 0 0 0 0 0 0 0 0 0 0 0 0 0 0 0 0 0 0 0 0 0 0 0 0 0 0 0 0 0 0 0 0 0 0 0 0 0 0 0 0 0 0 0 5895 8897 11322 12118 12856 13192 12611 12361 11527 10598 10079 8972 7860 6999 5985 5492 4992 4621 4072 3493 3109 2702 2500 2300 1945 1619 1583 1373 1191 1176 1170 746 908 702 776 720 580 578 488 496 530 476 464 360 306 432 314 242 236 230 262 258 152
470 0 0 0 0 0 0 0 0 0 0 0 0 0 0 0 0 0 0 0 0 0 0 0 0 0 0 0 0 0 0 0 0 0 0 0 0 0 0 0 0 0 0 0 0 1068 5862 13301 16854 20487 21185 21601 21235 20809 19718 18611 17412 16134 13822 12625 11843 10665 8770 8152 7162 6360 5869 5083 4826 3748 3529 3297 2768 2630 2478 1891 1943 1707 1673 1513 1269 1040 998 1014 894 894 858 740 664 566 612 514 534 412 408 378 388 328 322 290
460 0 0 0 0 0 0 0 0 0 0 0 0 0 0 0 0 0 0 0 0 0 0 0 0 0 0 0 0 0 0 0 0 0 0 0 0 0 0 0 0 0 0 0 0 6421 10879 15307 18052 19256 19392 19859 19585 19245 18533 17467 15852 15113 13906 12345 11432 9684 8632 8013 6596 6169 5383 4419 4241 3808 3077 3043 2720 2284 2131 1965 1797 1377 1329 1321 1068 1054 906 934 900 808 722 756 512 566 456 392 394 486 358 306 390 286 238 272
450 0 0 0 0 0 0 0 0 0 0 0 0 0 0 0 0 0 0 0 0 0 0 0 0 0 0 0 0 0 0 0 0 0 0 0 0 0 0 0 0 0 0 2544 5863 10871 14811 17507 20271 21273 22324 22018 21410 19902 19952 18552 17617 15753 14398 13005 11818 10464 9583 8240 7220 6633 5840 5173 4465 3686 3385 3207 2978 2412 2386 1789 1847 1507 1395 1245 1014 1104 908 828 812 832 718 652 682 546 526 434 408 342 420 246 326 330 274 204
440 0 0 0 0 0 0 0 0 0 0 0 0 0 0 0 0 0 0 0 0 0 0 0 0 0 0 0 0 0 0 0 0 0 0 0 0 0 0 0 0 2431 3960 6351 8865 12446 16171 19014 21412 21934 21758 20919 21508 20562 20163 19157 17457 15831 14494 12794 11617 10389 9387 8206 7473 6394 5385 5257 4497 4108 3656 3377 2926 2564 2344 2177 1987 1763 1453 1401 1110 1223 1044 1012 844 870 756 680 656 580 544 416 460 424 266 360 292 322 226 212
430 0 0 0 0 0 0 0 0 0 0 0 0 0 0 0 0 0 0 0 0 0 0 0 0 0 0 0 0 0 0 0 0 0 0 0 0 0 0 988 2639 4761 5537 7413 9990 13095 16707 19387 19424 22275 22359 21976 21797 21262 20301 19080 17727 15752 14447 13321 11798 10343 9083 8531 7754 6749 6318 5277 4946 5113 4877 4455 4058 3335 2804 2930 2408 2095 1855 1787 1679 1787 1789 1895 1381 1197 884 678 680 736 556 428 380 394 392 294 458 406 330 168
420 0 0 0 0 0 0 0 0 0 0 0 0 0 0 0 0 0 0 0 0 0 0 0 0 0 0 0 0 0 0 0 0 0 0 0 0 0 1027 3742 5139 6434 7167 8640 11328 12457 18222 21640 22500 23204 23496 23568 22654 21404 20689 19851 17991 16275 15040 13403 12003 10912 9538 8403 7638 6884 6005 5746 5408 6156 6362 5845 5099 4255 3892 3269 3133 2638 2314 2310 2314 2470 2490 2268 1837 1447 1022 766 702 614 682 534 560 414 440 326 410 246 252 234
410 0 0 0 0 0 0 0 0 0 0 0 0 0 0 0 0 0 0 0 0 0 0 0 0 0 0 0 0 0 0 0 0 0 0 0 0 1235 2989 5032 6265 7798 5638 8002 12118 14948 18426 21184 22046 22032 21680 21768 21158 20457 19847 18193 16793 15494 14219 12725 11409 10078 9017 8026 7393 6282 5678 5067 4999 5083 5251 4676 3927 3532 3099 2707 2650 2346 2129 1971 1883 1951 1883 1733 1607 1153 888 704 636 696 592 452 490 518 360 244 394 368 226 226
400 0 0 0 0 0 0 0 0 0 0 0 0 0 0 0 0 0 0 0 0 0 0 0 0 0 0 0 0 0 0 0 0 0 18 996 1661 2290 4269 4302 4005 7714 9029 10255 12674 15556 18552 20132 20881 21326 20950 20618 19851 19560 18269 17003 15643 14314 13156 11869 10424 9729 8410 7626 6864 5831 5321 5073 4476 4766 4624 3981 3175 2939 2526 2438 1870 1897 1815 1661 1665 1713 1705 1507 1323 1034 792 718 634 612 552 448 520 396 348 448 358 240 356 280
390 0 0 0 0 0 0 0 0 0 0 0 0 0 0 0 0 0 0 0 0 0 0 0 0 0 0 0 0 0 0 0 180 1211 1611 1864 2108 0 3590 6573 7561 8224 8719 9879 11417 13819 16063 17751 18120 18171 18048 17256 16980 15496 15343 14282 12769 12023 10533 9515 8548 7757 6740 6120 5366 4684 4242 4001 3682 3612 3634 3260 2488 2462 1980 2026 1649 1587 1287 1373 1431 1691 1389 1299 1115 1014 802 784 766 756 652 576 660 532 402 430 366 364 290 138
380 0 0 0 0 0 0 0 0 0 0 0 0 0 0 0 0 0 0 0 0 0 0 0 0 0 0 0 0 189 1558 1919 2365 2518 518 0 3062 4248 5793 6801 8013 8211 8647 9253 11014 12384 14530 15495 15502 15757 15481 14263 14187 13587 12925 11240 11058 9893 8939 8059 7405 6427 5537 5180 4264 4528 3512 3243 2997 3299 3099 2685 2550 2164 1868 1739 1589 1431 1419 1327 1389 1519 1225 1353 1181 1007 953 830 768 768 770 590 608 478 576 318 280 108 0 0
370 0 0 0 0 0 0 0 0 0 0 0 0 0 0 0 0 0 0 0 0 0 0 0 0 0 0 1888 3172 3333 4242 3776 0 3059 4349 4692 4694 4583 6387 6652 7384 7865 7458 8794 9279 10975 12540 13015 13135 12756 12093 11794 11863 10907 9986 9504 8396 7832 7025 6171 5679 5350 4909 4347 3874 3610 2937 2660 2650 2456 2440 2436 1956 1731 1567 1637 1263 1253 1015 931 1049 1043 1075 1105 1077 943 700 809 600 582 510 549 341 340 78 0 0 0 0 0
360 0 0 0 0 0 0 0 0 0 0 0 0 0 0 0 0 0 0 0 0 0 0 5050 10831 13595 14071 11688 11451 9606 7939 9361 8287 7834 7047 6962 6565 6195 6189 6378 7309 7524 7179 7221 8446 9615 10420 11191 10765 10487 10602 10011 9532 9146 8370 7578 7120 6552 6030 5711 4961 3875 3865 3530 3099 2857 2412 2272 1990 2312 2146 1996 1615 1379 1363 1357 1061 1119 861 937 807 931 1043 849 769 751 667 513 315 648 377 0 0 0 0 0 0 0 0 0
350 0 0 0 0 0 0 0 0 0 0 0 0 0 0 0 0 0 0 0 0 36351 47223 50695 52438 54702 48239 38759 37003 35194 30289 24526 20431 17688 15317 13319 11738 10166 9177 9321 8768 8461 8334 8512 8775 9382 9985 10388 10074 10347 9685 9036 8657 7867 7385 6920 6335 5671 5703 4843 4284 4175 3536 3183 2945 2548 2534 2292 2032 1918 2020 1597 1573 1389 1293 1007 1095 979 781 841 693 613 793 773 458 539 567 0 0 0 0 0 0 0 0 0 0 0 0 0
340 0 0 0 0 0 0 0 0 0 0 0 0 0 0 0 0 0 0 22065 45096 60303 64115 66622 66188 64729 58499 50789 46199 41619 35781 29622 25030 21452 18824 15978 13889 12706 11820 11119 10773 9454 9194 9001 9200 9857 10604 11145 11171 10142 10319 9009 8922 8756 8152 7823 6943 6324 6169 5551 4771 4638 4033 3464 3376 2871 2751 2488 2042 2360 2128 1796 1742 1728 1493 1367 1241 959 607 774 522 415 150 0 0 0 0 0 0 0 0 0 0 0 0 0 0 0 0 0
330 0 0 0 0 0 0 0 0 0 0 0 0 0 0 0 0 8523 19602 32479 46183 54426 54527 57707 58908 57977 51094 46515 42358 39765 34271 29753 26230 24214 21549 19134 17687 15762 14895 14467 13788 12837 13077 12255 12914 13466 14033 14434 13838 13065 12826 12671 11903 11538 10909 9763 9505 8503 8148 7208 6871 6341 5533 5009 4330 3815 3665 3300 3116 2767 2379 2479 2106 1762 1305 1283 1165 789 225 0 0 0 0 0 0 0 0 0 0 0 0 0 0 0 0 0 0 0 0 0
320 0 0 0 0 0 0 0 0 0 0 0 0 0 0 3546 12592 17623 25375 33689 40360 50363 53054 53574 52053 52120 48556 45716 44133 42564 39773 37446 35410 33059 30580 29224 27566 25356 24307 23253 21996 21373 20242 19636 19840 20583 21762 22043 20903 19892 18437 17491 17013 15938 14581 13965 12707 11681 10766 10034 8650 7973 7118 6703 6155 5052 4934 4236 3948 3515 3174 2569 2359 1846 1092 0 0 0 0 0 0 0 0 0 0 0 0 0 0 0 0 0 0 0 0 0 0 0 0 0
310 0 0 0 0 0 0 0 0 0 0 0 0 5932 13997 21251 24011 24264 32358 41252 54918 61361 61950 61056 62686 60534 58023 55704 55198 54254 52287 50562 47612 46306 44064 40966 39143 36638 34858 33990 32173 30539 29644 28682 28938 29338 29505 29763 28073 27340 24612 23922 21704 20235 18699 17566 16236 14635 13371 11935 10681 9746 8321 7466 6962 6314 5528 5077 4268 4111 2585 0 0 0 0 0 0 0 0 0 0 0 0 0 0 0 0 0 0 0 0 0 0 0 0 0 0 0 0 0
300 0 0 0 0 0 0 0 0 0 0 3240 11199 16849 23054 28518 33847 36485 42238 51065 62620 68714 67594 68619 68732 65380 62272 62134 61929 60433 58142 56870 54966 53068 50384 47690 45414 43088 41654 39099 37944 35819 34216 33469 34107 33946 35494 34502 33686 30895 28963 26426 25636 23096 21202 19462 17807 16456 14963 13743 12235 11051 9897 8328 7617 6633 5245 0 0 0 0 0 0 0 0 0 0 0 0 0 0 0 0 0 0 0 0 0 0 0 0 0 0 0 0 0 0 0 0 0
290 0 0 0 0 0 0 0 0 0 571 6692 11793 19793 30972 38540 43548 44543 48090 55478 65699 69007 68165 67247 66828 64313 61616 60839 60401 60604 58335 56757 54671 52082 49584 47174 44336 42198 41998 41115 39470 37597 36203 35637 36591 36638 37601 36913 34804 31906 29543 27599 25849 23790 21913 19705 18443 16604 15374 13545 12136 11050 9594 0 0 0 0 0 0 0 0 0 0 0 0 0 0 0 0 0 0 0 0 0 0 0 0 0 0 0 0 0 0 0 0 0 0 0 0 0
280 0 0 0 0 0 0 0 0 0 0 2313 6143 11321 19278 25832 30770 32897 36864 43614 55213 59781 60093 61622 63403 62665 60731 60283 60974 60838 61314 59681 58087 56669 54534 53522 51658 51227 51515 52715 52885 50882 48878 47007 48136 50022 50338 48993 46212 41176 38678 35701 33240 30013 27626 25877 23245 20949 18451 0 0 0 0 0 0 0 0 0 0 0 0 0 0 0 0 0 0 0 0 0 0 0 0 0 0 0 0 0 0 0 0 0 0 0 0 0 0 0 0 0
270 0 0 0 0 0 0 0 0 0 0 0 0 0 0 4977 8848 12433 19877 25583 38358 42354 41889 43054 44709 42348 40606 38648 40236 39425 37203 36098 35213 34486 33339 32108 30975 30861 32140 33306 33037 32490 31230 30793 31140 31577 32259 31143 28730 26688 24007 23798 22089 20458 18622 0 0 0 0 0 0 0 0 0 0 0 0 0 0 0 0 0 0 0 0 0 0 0 0 0 0 0 0 0 0 0 0 0 0 0 0 0 0 0 0 0 0 0 0 0
260 0 0 8 0 0 0 0 0 0 0 0 0 0 0 0 0 1898 5941 11572 21446 23222 22909 24088 23965 22079 19391 19208 18415 18100 17041 16065 15070 14552 14617 13765 13588 13224 13732 14029 15095 14390 13714 13349 13989 14116 14547 13721 12897 12026 10995 0 0 0 0 0 0 0 0 0 0 0 0 0 0 0 0 0 0 0 0 0 0 0 0 0 0 0 0 0 0 0 0 0 0 0 0 0 0 0 0 0 0 0 0 0 0 0 0 0
250 22 2 0 0 0 0 0 0 0 0 0 0 0 0 0 0 1078 2397 5430 7794 8126 7416 8446 8698 7671 6982 6847 6400 6169 6037 6282 5619 5358 5160 5127 5004 4850 5035 5415 5861 5362 5244 5350 5093 5320 5915 0 0 0 0 0 0 0 0 0 0 0 0 0 0 0 0 0 0 0 0 0 0 0 0 0 0 0 0 0 0 0 0 0 0 0 0 0 0 0 0 0 0 0 0 0 0 0 0 0 0 0 0 0
