260 265 270 275 280 285 290 295 300 305 310 315 320 325 330 335 340 345 350 355 360 365 370 375 380 385 390 395 400 405 410 415 420 425 430 435 440 445 450 455 460 465 470 475 480 485 490 495 500 505 510 515 520 525 530 535 540 545 550 555 560 565 570 575 580 585 590 595 600 605 610 615 620 625 630 635 640 645 650 655 660 665 670 675 680 685 690 695 700 705 710 715 720 725 730 735 740 745 750
520 0 0 0 0 0 0 0 0 0 0 0 0 0 0 0 0 0 0 0 0 0 0 0 0 0 0 0 0 0 0 0 0 0 0 0 0 0 0 0 0 0 0 0 0 0 0 0 0 0 0 0 0 0 0 0 0 0 0 0 0 0 0 0 0 0 0 0 0 0 0 0 0 0 0 0 0 0 0 0 0 0 0 0 0 0 0 0 0 0 0 0 0 0 0 0 0 0 0 0
510 0 0 0 0 0 0 0 0 0 0 0 0 0 0 0 0 0 0 0 0 0 0 0 0 0 0 0 0 0 0 0 0 0 0 0 0 0 0 0 0 0 0 0 0 0 0 0 0 0 0 0 0 0 0 0 0 61 0 0 91 0 0 0 0 0 0 0 0 0 0 0 0 0 0 0 0 0 0 0 0 0 0 0 0 0 0 0 0 0 0 0 0 0 0 0 0 0 0 0
500 0 0 0 0 0 0 0 0 0 0 0 0 0 0 0 0 0 0 0 0 0 0 0 0 0 0 0 0 0 0 0 0 0 0 0 0 0 0 0 0 0 0 0 0 0 0 0 0 0 0 0 13 211 318 339 193 491 383 259 241 313 105 67 89 0 77 99 49 0 0 0 0 0 0 0 0 0 0 0 0 0 0 0 0 0 0 0 0 0 0 0 0 0 0 0 0 0 0 0
490 0 0 0 0 0 0 0 0 0 0 0 0 0 0 0 0 0 0 0 0 0 0 0 0 0 0 0 0 0 0 0 0 0 0 0 0 0 0 0 0 0 0 0 0 0 0 0 0 0 575 776 884 1002 984 932 862 836 1058 862 708 792 708 595 492 311 265 63 107 47 133 0 0 0 0 0 0 0 0 0 0 0 0 0 0 0 0 0 0 0 0 0 0 0 0 0 0 0 0 0
480 0 0 0 0 0 0 0 0 0 0 0 0 0 0 0 0 0 0 0 0 0 0 0 0 0 0 0 0 0 0 0 0 0 0 0 0 0 0 0 0 0 0 0 0 0 0 152 861 1654 1871 2328 2245 2365 2312 2208 2310 2384 1957 1895 1701 1456 1495 1091 1174 766 720 381 509 585 345 0 0 0 0 0 0 0 0 0 0 0 0 0 0 0 0 0 0 0 0 0 0 0 0 0 0 0 0 0
470 0 0 0 0 0 0 0 0 0 0 0 0 0 0 0 0 0 0 0 0 0 0 0 0 0 0 0 0 0 0 0 0 0 0 0 0 0 0 0 0 0 0 0 0 0 472 1872 2274 3551 3990 4724 4778 4746 4580 4550 4555 4270 4081 3947 2969 3148 2705 2502 1930 1659 1603 1172 1076 1060 760 686 415 99 0 0 0 0 25 0 0 0 0 0 0 0 0 0 0 0 0 0 0 0 0 0 0 0 0 0
460 0 0 0 0 0 0 0 0 0 0 0 0 0 0 0 0 0 0 0 0 0 0 0 0 0 0 0 0 0 0 0 0 0 0 0 0 0 0 0 0 0 0 0 0 369 1055 1877 3352 4258 4647 5290 5592 5747 5688 5062 4868 4370 3974 3943 3802 3319 3267 2580 2335 2053 1634 1474 1244 1338 934 695 541 207 59 45 39 279 141 149 0 69 49 0 0 0 0 0 0 0 0 0 0 0 0 0 0 0 0 0
450 0 0 0 0 0 0 0 0 0 0 0 0 0 0 0 0 0 0 0 0 0 0 0 0 0 0 0 0 0 0 0 0 0 0 0 0 0 0 0 0 0 0 0 312 1078 1780 2827 3779 4781 5591 6135 6375 6440 6415 5226 5443 5481 4961 4779 4176 3894 3532 3141 2997 2200 2027 1779 1580 1438 1264 958 644 381 139 0 0 213 71 75 0 0 21 0 0 0 0 0 0 0 0 0 0 0 0 0 0 0 0 0
440 0 0 0 0 0 0 0 0 0 0 0 0 0 0 0 0 0 0 0 0 0 0 0 0 0 0 0 0 0 0 0 0 0 0 0 0 0 0 0 0 0 0 0 79 544 1423 2201 3337 4145 5211 5292 4337 5320 5384 5481 5290 4602 4646 4218 4035 3494 3418 2606 2500 2049 1911 1370 1392 1124 908 513 43 0 0 0 0 0 0 0 0 0 0 0 0 0 0 0 0 0 0 0 0 0 0 0 0 0 0 0
430 0 0 0 0 0 0 0 0 0 0 0 0 0 0 0 0 0 0 0 0 0 0 0 0 0 0 0 0 0 0 0 0 0 0 0 0 0 0 0 0 0 0 0 130 493 1124 2312 3100 3086 4266 5048 5072 5022 5008 4880 4714 4610 4465 3793 3699 3331 3168 2528 2500 2007 1755 1438 1350 1048 824 222 0 0 0 0 0 0 0 0 0 0 0 0 0 0 0 0 0 0 0 0 0 0 0 0 0 0 0 0
420 0 0 0 0 0 0 0 0 0 0 0 0 0 0 0 0 0 0 0 0 0 0 0 0 0 0 0 0 0 0 0 0 0 0 0 0 0 0 0 0 0 0 0 493 196 0 457 2332 3168 3653 4223 4399 4509 4832 4474 4471 4232 3774 3555 3140 3017 2666 2327 1991 1759 1763 1248 1192 862 301 0 0 0 0 0 0 0 0 0 0 0 0 0 0 0 0 0 0 0 0 0 0 0 0 0 0 0 0 0
410 0 0 0 0 0 0 0 0 0 0 0 0 0 0 0 0 0 0 0 0 0 0 0 0 0 0 0 0 0 0 0 0 0 0 0 0 0 0 0 0 0 0 0 0 0 392 929 1798 2527 3517 3585 3872 4167 4280 3715 4191 3525 3509 3326 2945 2785 2804 2099 1746 1457 1204 1124 711 45 0 0 0 0 0 0 0 0 0 0 0 0 0 0 0 0 0 0 0 0 0 0 0 0 0 0 0 0 0 0
400 0 0 0 0 0 0 0 0 0 0 0 0 0 0 0 0 0 0 0 0 0 0 0 0 0 0 0 0 0 0 0 0 0 0 0 0 0 0 0 0 0 0 0 0 0 47 582 1287 1695 2370 2651 2699 2817 2616 2889 2828 2677 2387 1992 2356 1936 1473 1296 1070 1116 877 339 305 0 0 0 0 0 0 0 0 0 0 0 0 0 0 0 0 0 0 0 0 0 0 0 0 0 0 0 0 0 0 0
390 0 0 0 0 0 0 0 0 0 0 0 0 0 0 0 0 0 0 0 0 0 0 0 0 0 0 0 0 0 0 0 0 452 421 697 1114 399 0 0 0 0 0 0 0 0 0 771 952 1435 1949 2018 2210 2288 1890 2314 1942 1994 1996 1714 1625 1601 1262 976 994 853 575 478 41 0 0 0 0 0 0 0 0 0 0 0 0 0 0 0 0 0 0 0 0 0 0 0 0 0 0 0 0 0 0 0
380 0 0 0 0 0 0 0 0 0 0 0 0 0 0 0 0 0 0 0 0 0 0 0 0 0 0 0 0 0 0 332 404 1070 1471 0 0 0 0 0 260 0 0 0 0 0 0 596 903 1334 2125 2285 2404 2328 2281 2183 2469 2103 2234 2149 2002 1981 1715 1402 996 769 866 461 345 0 0 0 0 0 0 0 0 0 0 0 0 0 0 0 0 0 0 0 0 0 0 0 0 0 0 0 0 0 0 0
370 0 0 0 0 0 0 0 0 0 0 0 0 0 0 0 0 0 0 0 0 0 0 0 0 0 0 0 180 165 496 1394 945 0 0 1144 1202 1616 1422 830 696 509 140 719 306 514 741 1110 2027 2424 2686 2912 3241 3054 2983 3105 2623 2578 2191 2313 2336 1834 1789 1529 1407 1118 958 790 576 500 0 0 0 0 0 0 0 0 0 0 0 0 0 0 0 0 0 0 0 0 0 0 0 0 0 0 0 0 0 0
360 0 0 0 0 0 0 0 0 0 0 0 0 0 0 0 0 0 0 0 0 0 0 0 0 0 0 0 281 512 0 0 0 889 1471 1495 1766 1518 1797 1654 1939 1734 1247 1839 1082 1040 1331 1921 2011 2745 3035 3502 3468 3546 3692 3451 3084 3339 2587 2960 2489 2290 2168 1805 1274 1407 1086 770 804 644 324 0 0 0 0 0 0 0 0 0 0 0 0 0 0 0 0 0 0 0 0 0 0 0 0 0 0 0 0 0
350 0 0 0 0 0 0 0 0 0 0 0 0 0 0 0 0 0 0 0 0 0 0 0 0 0 276 0 0 0 0 600 700 1265 1546 1612 2661 2390 1835 2578 2194 1944 2001 1985 1665 1634 1883 2460 2570 3293 3993 3603 4086 3988 3962 3730 3693 3260 3419 3167 2860 2653 2584 1963 1548 1660 1257 1056 946 748 660 0 0 0 0 0 0 0 0 0 0 0 0 0 0 0 0 0 0 0 0 0 0 0 0 0 0 0 0 0
340 0 0 0 0 0 0 0 0 0 0 0 0 0 0 0 0 0 0 0 0 0 0 0 0 0 0 0 0 0 0 572 365 1418 1887 2486 2709 2705 2384 3334 3155 2452 2045 1798 2275 2343 2278 2553 3164 3380 3374 3692 3620 4271 3800 3713 3488 3729 3301 2938 2647 2762 2137 2031 1664 1469 1256 1000 942 736 250 0 0 0 0 0 0 0 0 0 0 0 0 0 0 0 0 0 0 0 0 0 0 0 0 0 0 0 0 0
330 0 0 0 0 0 0 0 0 0 0 0 0 0 0 0 0 0 445 318 698 1474 0 0 0 0 0 0 0 0 94 0 1160 1216 1488 1938 2299 2757 2961 2594 2701 2681 1919 2060 1929 1797 1886 2235 2335 2397 2970 2991 3007 2959 2778 2756 2858 2612 2433 2170 1941 1663 1406 1338 1222 974 1010 778 628 342 442 0 0 0 0 0 0 0 0 0 0 0 0 0 0 0 0 0 0 0 0 0 0 0 0 0 0 0 0 0
320 0 0 0 0 0 0 0 0 0 0 0 0 0 0 0 465 806 1518 1440 0 0 0 0 0 0 0 0 0 0 0 0 0 0 0 0 0 0 279 347 141 507 278 711 87 1042 497 1037 1178 1268 1708 1805 1732 1625 1591 1365 1535 1543 1430 1362 1210 987 914 644 594 412 366 255 123 317 29 0 0 0 0 0 0 0 0 0 0 0 0 0 0 0 0 0 0 0 0 0 0 0 0 0 0 0 0 0
310 0 0 0 0 0 0 0 0 0 0 0 0 396 1208 1980 3721 1095 0 0 1474 1339 706 129 0 0 0 0 0 0 0 0 0 0 0 0 0 0 0 0 0 0 0 0 0 603 406 336 413 568 548 808 1317 762 888 792 706 523 413 539 585 358 614 272 224 165 91 121 0 0 0 0 0 0 0 0 0 0 0 0 0 0 0 0 0 0 0 0 0 0 0 0 0 0 0 0 0 0 0 0
300 0 0 0 0 0 0 0 0 0 0 3040 4828 7062 9214 2727 4084 9084 9084 8072 7114 4873 3921 2401 1853 431 0 0 0 0 0 0 0 0 0 0 0 0 0 0 0 0 0 0 374 0 274 209 452 606 718 830 762 730 658 479 749 573 489 496 192 242 390 79 205 37 0 0 0 0 0 0 0 0 0 0 0 0 0 0 0 0 0 0 0 0 0 0 0 0 0 0 0 0 0 0 0 0 0 0
290 0 0 0 0 0 0 0 0 1592 4082 6630 7608 2215 10960 16027 17361 15671 13573 11838 10506 8394 7153 4569 2880 1686 877 248 0 0 0 0 0 0 0 0 0 0 0 0 65 0 0 187 0 0 196 914 805 434 585 921 870 1140 806 834 658 895 649 522 474 476 236 0 0 0 0 0 0 0 0 0 0 0 0 0 0 0 0 0 0 0 0 0 0 0 0 0 0 0 0 0 0 0 0 0 0 0 0 0
280 0 0 0 0 0 0 137 758 2441 0 4 6708 10498 11452 13538 13481 13516 10969 10117 8478 6642 5331 3273 2695 1650 942 862 611 292 154 63 0 285 17 414 695 626 472 105 274 382 175 209 382 510 804 1031 1362 1726 1489 1609 1587 1633 1731 1553 1571 1365 1390 0 0 0 0 0 0 0 0 0 0 0 0 0 0 0 0 0 0 0 0 0 0 0 0 0 0 0 0 0 0 0 0 0 0 0 0 0 0 0 0 0
270 0 0 0 0 9 35 15 0 0 2494 3235 4950 5859 6927 8263 8217 8092 6997 6189 5192 4274 3232 2202 1480 1416 1269 923 883 630 620 510 640 676 508 558 827 355 544 600 350 536 666 732 1202 1380 2155 2664 3773 3577 5023 5129 5153 5341 4964 0 0 0 0 0 0 0 0 0 0 0 0 0 0 0 0 0 0 0 0 0 0 0 0 0 0 0 0 0 0 0 0 0 0 0 0 0 0 0 0 0 0 0 0 0
260 0 0 0 0 0 0 0 409 702 1052 1373 1852 2642 3243 3495 3554 3178 2737 2671 2566 1648 1352 1434 1265 1540 1838 2063 2191 2318 2456 2143 2012 2236 1898 1681 1163 1785 1392 1098 696 1363 1395 1073 1007 1551 1530 1954 2844 2665 2662 0 0 0 0 0 0 0 0 0 0 0 0 0 0 0 0 0 0 0 0 0 0 0 0 0 0 0 0 0 0 0 0 0 0 0 0 0 0 0 0 0 0 0 0 0 0 0 0 0
250 0 0 0 0 0 81 191 223 395 432 628 611 653 667 906 1114 1120 1026 1061 1401 1780 2030 2976 2932 3867 3922 4729 4836 4479 4103 4128 3858 3535 3602 3506 3532 2716 2926 2662 2310 2031 2116 1664 1706 1409 1431 0 0 0 0 0 0 0 0 0 0 0 0 0 0 0 0 0 0 0 0 0 0 0 0 0 0 0 0 0 0 0 0 0 0 0 0 0 0 0 0 0 0 0 0 0 0 0 0 0 0 0 0 0
