260 265 270 275 280 285 290 295 300 305 310 315 320 325 330 335 340 345 350 355 360 365 370 375 380 385 390 395 400 405 410 415 420 425 430 435 440 445 450 455 460 465 470 475 480 485 490 495 500 505 510 515 520 525 530 535 540 545 550 555 560 565 570 575 580 585 590 595 600 605 610 615 620 625 630 635 640 645 650 655 660 665 670 675 680 685 690 695 700 705 710 715 720 725 730 735 740 745 750
520 0 0 0 0 0 0 0 0 0 0 0 0 0 0 0 0 0 0 0 0 0 0 0 0 0 0 0 0 0 0 0 0 0 0 0 0 0 0 0 0 0 0 0 0 0 0 0 0 0 0 0 0 0 0 5293 5219 5755 5887 5887 5791 6108 5761 5669 5564 5422 5202 4664 4528 4490 4374 3881 3587 3552 2807 2672 2426 2192 1899 1635 1523 1383 1125 1102 824 708 698 598 622 544 514 446 282 318 206 218 178 230 228 156
510 0 0 0 0 0 0 0 0 0 0 0 0 0 0 0 0 0 0 0 0 0 0 0 0 0 0 0 0 0 0 0 0 0 0 0 0 0 0 0 0 0 0 0 0 0 0 0 0 0 0 0 0 5669 6109 6147 6489 7105 6716 6953 7204 6876 6864 6741 6376 5799 5777 5567 5173 4870 4597 4169 3770 3466 3017 2971 2532 2270 2140 1707 1681 1467 1329 960 996 882 646 738 646 594 420 452 342 412 258 270 232 124 218 160
500 0 0 0 0 0 0 0 0 0 0 0 0 0 0 0 0 0 0 0 0 0 0 0 0 0 0 0 0 0 0 0 0 0 0 0 0 0 0 0 0 0 0 0 0 0 0 0 0 0 0 6044 6108 6560 7114 7619 7831 8150 8452 8524 8279 8040 7361 7534 7106 6671 6250 5937 5442 5027 4650 4448 3838 3432 3411 2963 2696 2402 2035 1983 1643 1409 1223 1046 922 914 814 706 526 462 614 388 246 294 276 262 246 166 22 170
490 0 0 0 0 0 0 0 0 0 0 0 0 0 0 0 0 0 0 0 0 0 0 0 0 0 0 0 0 0 0 0 0 0 0 0 0 0 0 0 0 0 0 0 0 0 0 0 0 6696 6776 7409 7913 8499 9024 9295 9780 9764 9888 9681 9672 9134 8941 8272 7724 7181 7094 6362 5682 5488 5271 4453 4135 3654 3317 2974 2790 2332 2039 1919 1505 1473 1433 1068 1002 908 762 556 574 490 346 428 322 342 280 176 236 206 236 122
480 0 0 0 0 0 0 0 0 0 0 0 0 0 0 0 0 0 0 0 0 0 0 0 0 0 0 0 0 0 0 0 0 0 0 0 0 0 0 0 0 0 0 0 0 0 0 8299 8350 8689 9600 10090 10672 11288 11515 11963 12228 12045 12077 11391 11511 11077 10605 9125 9169 8005 7927 7281 6729 6101 5752 5165 4647 4126 3599 3381 3197 2594 2235 2257 1911 1553 1511 1198 1188 966 802 756 736 568 574 460 478 334 264 320 238 236 236 160
470 0 0 0 0 0 0 0 0 0 0 0 0 0 0 0 0 0 0 0 0 0 0 0 0 0 0 0 0 0 0 0 0 0 0 0 0 0 0 0 0 0 0 0 0 10525 11303 12846 13809 14582 15707 16937 17053 17783 18104 18045 17741 18034 18051 16340 15519 14522 13696 12874 12109 11414 10365 9437 8966 8292 7596 6556 6103 5349 4930 4393 4050 3369 3293 2776 2420 2189 1919 1633 1423 1172 1076 1066 880 666 622 614 512 356 392 430 358 318 258 180
460 0 0 0 0 0 0 0 0 0 0 0 0 0 0 0 0 0 0 0 0 0 0 0 0 0 0 0 0 0 0 0 0 0 0 0 0 0 0 0 0 0 0 9154 10263 11513 13226 14916 15924 16613 17012 18030 18282 18287 17902 18062 17365 16771 16127 15076 14630 13618 12495 11809 11000 9553 9344 8356 7431 7264 6639 5961 5610 4888 4293 3786 3133 2972 2676 2472 2155 1739 1681 1551 1228 1066 930 956 646 706 622 522 394 436 378 434 310 332 216 208
450 0 0 0 0 0 0 0 0 0 0 0 0 0 0 0 0 0 0 0 0 0 0 0 0 0 0 0 0 0 0 0 0 0 0 0 0 0 0 0 0 10147 10529 12269 14276 16495 18423 19609 20374 20615 20510 20732 21654 21367 20439 19955 18946 18153 17133 16548 15001 14516 13374 11969 11231 10260 9551 8585 8111 7351 6723 5875 5133 4910 4281 3994 3589 2938 2956 2506 2125 1923 1681 1451 1227 1174 1070 886 830 710 628 572 520 422 378 372 298 260 318 226
440 0 0 0 0 0 0 0 0 0 0 0 0 0 0 0 0 0 0 0 0 0 0 0 0 0 0 0 0 0 0 0 0 0 0 0 0 0 0 9821 10236 12779 15151 16225 18703 20212 21944 22844 22151 23348 23297 22693 22043 21034 20199 19990 18884 17862 17104 15742 14747 13574 12623 12113 10716 9981 8965 8659 7429 6988 6117 5896 4940 4667 4223 3824 3457 3161 2710 2454 2011 1785 1479 1445 1421 1201 1020 884 796 628 584 586 502 408 304 374 294 260 238 290
430 0 0 0 0 0 0 0 0 0 0 0 0 0 0 0 0 0 0 0 0 0 0 0 0 0 0 0 0 0 0 0 0 0 0 0 0 10179 11428 12985 15058 17224 19866 21714 23605 24669 26756 27388 26547 25327 25047 23760 23469 22617 21865 19994 19565 18372 17601 16253 14786 13781 12775 11535 10891 10403 8949 8405 7686 6878 6298 5730 5229 4668 4303 3940 3563 3075 2520 2496 2204 1943 1675 1525 1209 1016 1056 758 872 866 742 462 472 516 416 332 316 284 222 220
420 0 0 0 0 0 0 0 0 0 0 0 0 0 0 0 0 0 0 0 0 0 0 0 0 0 0 0 0 0 0 0 0 0 0 10575 10902 14583 16419 19832 21980 24944 26937 28036 30576 31031 31894 30972 30190 29038 28077 26516 26410 24662 23870 21849 21281 20424 18273 17312 16135 14955 13274 12576 11386 10345 9656 9214 8421 7552 6429 5823 5686 4957 4307 4504 4367 3534 3079 2834 2618 2093 1901 1631 1499 1319 1150 1090 858 914 802 616 572 462 430 350 356 286 252 314
410 0 0 0 0 0 0 0 0 0 0 0 0 0 0 0 0 0 0 0 0 0 0 0 0 0 0 0 0 0 0 0 0 11151 12225 15242 17760 20706 23824 26060 28263 30540 32502 33385 34050 34142 35200 34294 32165 30263 29013 27973 26642 24913 23817 22756 21127 19532 18884 17323 15918 14449 13188 12285 11352 10357 9997 8630 8262 7444 6661 6132 5857 5201 4983 4889 4672 3596 3101 2951 2536 2149 1979 1787 1731 1477 1193 1213 1008 982 890 692 620 506 502 326 350 280 332 242
400 0 0 0 0 0 0 0 0 0 0 0 0 0 0 0 0 0 0 0 0 0 0 0 0 0 0 0 0 0 0 10120 12390 15482 18696 21081 24996 27938 30868 34531 36054 35547 37294 37452 37865 37648 37201 35859 34406 31843 30891 28539 27825 25296 23487 22779 21785 20364 19066 17441 16240 14979 14281 12713 11686 10723 10062 8833 7966 7729 7133 6493 5819 5522 5171 5137 4646 4089 3227 2937 2736 2180 2049 1769 1593 1303 1397 1337 1096 962 908 756 712 576 486 448 388 468 398 254
390 0 0 0 0 0 0 0 0 0 0 0 0 0 0 0 0 0 0 0 0 0 0 0 0 0 0 0 0 11584 12892 15912 18793 22091 25169 27863 31886 35639 35233 37566 37909 39118 38913 38861 38537 37555 37779 35853 33655 30448 29874 28529 26380 24721 23864 21782 20423 19898 17982 16455 16047 14305 12684 12076 11407 10573 9308 8739 8279 7489 7077 6080 5601 5182 4650 4941 4269 3886 3103 2921 2390 2168 1771 1791 1589 1479 1271 1179 1049 996 862 904 762 750 404 448 530 436 530 456
380 0 0 0 0 0 0 0 0 0 0 0 0 0 0 0 0 0 0 0 0 0 0 0 0 0 0 8965 11502 13424 16408 19517 24169 27294 31736 33719 34758 37002 38073 39410 39653 39644 39482 39133 37749 36468 36725 34374 32176 29970 27929 26912 25110 23719 22978 21206 20159 18754 17846 16357 15086 14163 13170 11597 11432 10392 9986 8974 8078 7588 7011 6040 5442 5286 4430 4560 4257 3381 3171 2999 2612 2388 2176 1781 1431 1367 1243 1183 1111 1029 930 754 728 664 750 663 569 695 961 0
370 0 0 0 0 0 0 0 0 0 0 0 0 0 0 0 0 0 0 0 0 0 0 0 0 9808 11547 13370 15455 18546 21859 26402 30083 30043 33848 35766 36555 38404 38163 38644 38794 38793 37581 36859 36295 35351 34171 32867 30952 27985 26206 25503 23663 23062 21848 20373 19471 18517 17233 15696 14993 13872 13295 11907 11380 10550 9701 8741 8265 7699 6794 6240 5845 5302 5029 4748 4195 3710 3391 3169 2735 2510 2014 1883 1691 1701 1319 1273 1151 1139 1167 971 941 814 1412 0 0 0 0 0
360 0 0 0 0 0 0 0 0 0 0 0 0 0 0 0 0 0 0 0 0 0 0 14005 16243 18013 20622 22525 25037 30906 30632 32323 34147 35988 38066 38983 38859 38547 39661 38670 37629 37561 36486 35258 34539 33861 32852 31482 28960 27283 26106 24444 23851 22230 21669 19608 19192 17843 16762 15758 15274 13726 13330 12298 11456 10296 9902 9068 8581 7902 6939 6593 6270 5623 5051 4658 4171 3620 3352 3229 2769 2452 2402 2180 1876 1812 1720 1512 1334 1596 1655 0 0 0 0 0 0 0 0 0
350 0 0 0 0 0 0 0 0 0 0 0 0 0 0 0 0 0 0 0 0 15526 20015 25262 28927 33092 37128 39358 38382 40004 39614 40069 40331 40895 40731 40831 40219 39476 38612 37590 36950 36221 35973 33921 33262 32095 31679 30118 28194 26549 25369 24654 23195 22279 21144 19935 19346 18296 17348 16340 15412 13823 13527 12481 11679 10710 10342 9135 8464 7798 7274 7003 6331 5557 5210 4883 4454 3935 3522 3352 2805 2549 2263 2207 1822 2049 2383 0 0 0 0 0 0 0 0 0 0 0 0 0
340 0 0 0 0 0 0 0 0 0 0 0 0 0 0 0 0 0 0 10470 15534 18475 23769 30004 37419 38720 38653 39544 40403 40816 41399 39283 39731 38294 37629 37553 36819 35872 35091 34441 33130 32695 31928 31665 31007 30649 30285 29070 27348 25818 24650 23714 22838 21442 20776 20309 18955 17865 17151 16188 15506 14670 13204 12526 11784 10828 10186 9711 8537 8181 7170 6757 6401 5655 5301 4747 4435 4036 3848 3462 3246 2925 3320 0 0 0 0 0 0 0 0 0 0 0 0 0 0 0 0 0
330 0 0 0 0 0 0 0 0 0 0 0 0 0 0 0 0 11037 11755 14496 17796 22376 28497 28908 31973 33249 33617 34356 33857 33990 33103 32627 33192 32707 32162 31330 30136 30902 29998 29585 29724 29161 28532 29108 28318 28054 27964 27028 25820 23526 23113 22411 21575 21456 20117 19859 18792 18402 17198 16214 15338 14108 13345 12353 11567 10447 10185 9294 8756 7879 7570 6922 6465 5673 5305 4596 4426 4474 4178 0 0 0 0 0 0 0 0 0 0 0 0 0 0 0 0 0 0 0 0 0
320 0 0 0 0 0 0 0 0 0 0 0 0 0 0 8817 10834 11190 14026 20893 22329 23348 24744 25798 27534 27518 27278 27072 26840 26607 26602 26532 25960 26000 25973 25861 26460 25648 26058 26246 26164 26221 25832 25611 25103 25402 25179 25432 23237 22507 22262 21151 20349 19985 19557 18086 17513 17074 16362 15188 14935 13617 13068 12062 11115 10387 9767 8900 8498 7963 7240 6578 6360 5627 5770 0 0 0 0 0 0 0 0 0 0 0 0 0 0 0 0 0 0 0 0 0 0 0 0 0
310 0 0 0 0 0 0 0 0 0 0 0 0 7054 9275 11640 16230 21810 20453 22618 26339 27672 27520 28643 27379 26753 24326 23739 23772 23304 22512 22614 22396 22321 22585 23130 23067 23405 23206 23463 22993 24296 23365 24015 23767 24066 23717 23194 22076 21340 20828 19938 19239 18639 17965 17588 16824 16210 14913 14435 13481 12568 12437 11040 10418 9997 8943 8473 7635 7527 7049 0 0 0 0 0 0 0 0 0 0 0 0 0 0 0 0 0 0 0 0 0 0 0 0 0 0 0 0 0
300 0 0 0 0 0 0 0 0 0 0 6292 9708 12543 18519 21372 23215 25424 27453 31303 33459 33336 31575 29189 27789 25044 23278 21939 20895 19122 18971 19105 17785 19234 18729 19225 18852 19065 18387 19491 19613 19395 19787 19530 19856 20057 19874 19730 18188 18379 17377 16973 16320 16165 15487 15000 14492 13002 12714 12504 11662 11061 10112 9150 8724 8167 7882 0 0 0 0 0 0 0 0 0 0 0 0 0 0 0 0 0 0 0 0 0 0 0 0 0 0 0 0 0 0 0 0 0
290 0 0 0 0 0 0 0 0 11921 21505 27764 32974 33975 35766 35370 35661 33992 33825 33969 34586 32742 30371 27518 24918 21171 19944 18297 16593 16846 15713 15936 15320 15611 15294 16276 17000 16089 16978 17686 16835 16969 17706 17508 17959 17578 18230 17133 16758 16041 15376 14624 14488 13548 13423 12743 12198 11470 11109 10946 9979 9392 8534 0 0 0 0 0 0 0 0 0 0 0 0 0 0 0 0 0 0 0 0 0 0 0 0 0 0 0 0 0 0 0 0 0 0 0 0 0
280 0 0 0 0 0 0 3937 12147 19164 31439 38639 40682 42549 40201 37784 36453 32805 30831 30926 31259 28393 26806 23870 21268 18584 16658 15239 14043 14445 13518 13241 12889 13882 14171 13676 14241 14069 15129 15265 15364 15548 15172 15450 16058 15449 15887 16198 14689 13772 13186 12730 12616 11786 11273 10671 10093 10094 9206 0 0 0 0 0 0 0 0 0 0 0 0 0 0 0 0 0 0 0 0 0 0 0 0 0 0 0 0 0 0 0 0 0 0 0 0 0 0 0 0 0
270 0 0 0 0 1011 3534 8749 21203 31334 44878 50564 49079 49843 43511 39001 33814 27670 25403 22586 21155 17697 16034 12429 11038 9332 8418 7306 7016 6793 5528 5887 5654 5868 6297 6353 6725 6990 7210 7897 7308 7743 7995 7709 8165 8154 7955 7912 7770 7050 6879 6740 6480 6429 5808 0 0 0 0 0 0 0 0 0 0 0 0 0 0 0 0 0 0 0 0 0 0 0 0 0 0 0 0 0 0 0 0 0 0 0 0 0 0 0 0 0 0 0 0 0
260 0 0 28 0 0 0 3636 14067 23754 39089 45964 46080 43914 36938 29933 24099 18028 14022 12028 11015 8455 7384 6526 5249 4099 3858 2987 2639 2938 2423 2301 2389 2459 2952 2901 2959 2825 3302 3673 3507 3863 3473 3640 3416 3745 3970 3604 3607 3274 2942 0 0 0 0 0 0 0 0 0 0 0 0 0 0 0 0 0 0 0 0 0 0 0 0 0 0 0 0 0 0 0 0 0 0 0 0 0 0 0 0 0 0 0 0 0 0 0 0 0
250 8 0 0 0 0 0 0 0 0 0 0 0 0 0 0 0 0 0 0 0 0 0 0 325 0 14 34 355 184 527 492 642 504 627 577 849 839 915 921 1155 887 755 1033 820 823 675 0 0 0 0 0 0 0 0 0 0 0 0 0 0 0 0 0 0 0 0 0 0 0 0 0 0 0 0 0 0 0 0 0 0 0 0 0 0 0 0 0 0 0 0 0 0 0 0 0 0 0 0 0
