260 265 270 275 280 285 290 295 300 305 310 315 320 325 330 335 340 345 350 355 360 365 370 375 380 385 390 395 400 405 410 415 420 425 430 435 440 445 450 455 460 465 470 475 480 485 490 495 500 505 510 515 520 525 530 535 540 545 550 555 560 565 570 575 580 585 590 595 600 605 610 615 620 625 630 635 640 645 650 655 660 665 670 675 680 685 690 695 700 705 710 715 720 725 730 735 740 745 750
520 0 0 0 0 0 0 0 0 0 0 0 0 0 0 0 0 0 0 0 0 0 0 0 0 0 0 0 0 0 0 0 0 0 0 0 0 0 0 0 0 0 0 0 0 0 0 0 0 0 0 0 0 0 0 0 0 0 0 0 230 268 389 345 481 254 316 148 266 240 264 114 212 122 0 0 0 0 0 0 0 0 0 0 0 0 0 0 0 0 0 0 0 0 0 0 0 0 0 0
510 0 0 0 0 0 0 0 0 0 0 0 0 0 0 0 0 0 0 0 0 0 0 0 0 0 0 0 0 0 0 0 0 0 0 0 0 0 0 0 0 0 0 0 0 0 0 0 0 0 0 0 0 0 0 0 182 285 528 732 620 746 468 635 423 457 441 548 662 192 285 82 14 0 0 4 64 96 12 86 0 10 0 0 0 0 0 0 0 0 0 0 0 0 0 0 0 0 0 0
500 0 0 0 0 0 0 0 0 0 0 0 0 0 0 0 0 0 0 0 0 0 0 0 0 0 0 0 0 0 0 0 0 0 0 0 0 0 0 0 0 0 0 0 0 0 0 0 0 0 0 0 0 0 455 699 631 709 803 971 749 748 748 910 697 671 671 656 166 0 2 274 240 198 102 132 44 0 0 0 68 0 0 0 0 0 0 0 0 0 0 0 0 0 0 0 0 0 0 0
490 0 0 0 0 0 0 0 0 0 0 0 0 0 0 0 0 0 0 0 0 0 0 0 0 0 0 0 0 0 0 0 0 0 0 0 0 0 0 0 0 0 0 0 0 0 0 0 0 0 0 0 198 428 461 443 518 857 651 611 757 751 533 605 467 33 0 85 2 225 300 220 98 180 170 6 72 0 0 42 0 0 0 0 0 0 0 0 0 0 0 0 0 0 0 0 0 0 0 0
480 0 0 0 0 0 0 0 0 0 0 0 0 0 0 0 0 0 0 0 0 0 0 0 0 0 0 0 0 0 0 0 0 0 0 0 0 0 0 0 0 0 0 0 0 0 0 0 0 0 42 379 441 397 421 711 792 267 669 563 170 305 0 0 126 225 497 570 150 258 177 111 252 170 82 0 192 48 0 0 62 0 0 0 0 0 0 0 0 0 0 0 0 0 0 0 0 0 0 0
470 0 0 0 0 0 0 0 0 0 0 0 0 0 0 0 0 0 0 0 0 0 0 0 0 0 0 0 0 0 0 0 0 0 0 0 0 0 0 0 0 0 0 0 0 0 0 1664 2396 1868 1936 1962 1519 1389 1445 1327 1166 1348 562 173 0 0 106 104 407 531 457 407 349 328 4 0 280 0 56 0 0 26 0 0 0 0 0 0 0 0 0 0 0 0 0 0 0 0 0 0 0 0 0 0
460 0 0 0 0 0 0 0 0 0 0 0 0 0 0 0 0 0 0 0 0 0 0 0 0 0 0 0 0 0 0 0 0 0 0 0 0 0 0 0 0 0 0 0 0 1879 3581 3680 4242 3089 3122 2534 2059 1968 1509 1845 727 155 0 105 774 795 475 555 561 579 462 423 180 276 134 112 142 0 94 50 34 0 0 0 0 0 0 0 0 0 0 0 0 0 0 0 0 0 0 0 0 0 0 0
450 0 0 0 0 0 0 0 0 0 0 0 0 0 0 0 0 0 0 0 0 0 0 0 0 0 0 0 0 0 0 0 0 0 0 0 0 0 0 0 0 0 0 2433 4251 5742 6289 6618 6255 5164 5040 4080 3482 2524 1867 676 1075 1419 1701 1747 1331 1303 545 723 678 703 542 184 154 621 110 0 78 0 136 0 0 0 0 0 0 0 0 0 0 0 0 0 0 0 0 0 0 0 0 0 0 0 0 0
440 0 0 0 0 0 0 0 0 0 0 0 0 0 0 0 0 0 0 0 0 0 0 0 0 0 0 0 0 0 0 0 0 0 0 0 0 0 0 0 0 2326 4364 5704 6825 7768 8605 8016 7903 6656 5254 4408 1560 2926 3325 2699 2452 2211 2317 1719 1383 1407 962 1118 683 755 637 923 537 501 380 190 110 0 73 24 0 0 10 0 0 0 8 0 0 0 0 0 0 0 0 0 0 0 0 0 0 0 0 0
430 0 0 0 0 0 0 0 0 0 0 0 0 0 0 0 0 0 0 0 0 0 0 0 0 0 0 0 0 0 0 0 0 0 0 0 0 0 0 1360 3803 5915 7445 8235 9206 9909 9999 9818 8188 6244 5334 6114 5762 5079 4793 3755 3802 3271 2851 2483 2238 1751 1297 1293 1086 1272 943 827 595 593 296 224 330 320 126 82 64 0 0 70 0 0 0 0 44 0 0 0 0 0 0 0 0 0 0 0 0 0 0 0
420 0 0 0 0 0 0 0 0 0 0 0 0 0 0 0 0 0 0 0 0 0 0 0 0 0 0 0 0 0 0 0 0 0 0 0 0 1850 4130 5826 8294 10081 11529 12214 13075 12082 9943 9283 10438 9701 9343 8238 7688 7311 6096 5404 4639 4012 3692 3074 2803 2451 2083 1773 1779 1428 1136 1099 831 505 605 398 290 190 136 142 0 56 0 0 0 0 0 0 0 0 0 0 0 0 0 0 0 0 0 0 0 0 0 0
410 0 0 0 0 0 0 0 0 0 0 0 0 0 0 0 0 0 0 0 0 0 0 0 0 0 0 0 0 0 0 0 0 0 0 3313 6269 8877 10401 12899 14206 15482 16667 13467 12226 14333 15803 15731 15140 13031 12611 10976 10021 9074 8015 6680 6107 5180 4745 3867 3358 2942 2823 2305 1922 1617 1208 1198 1000 1051 613 359 254 380 138 72 40 0 102 0 0 0 0 0 0 0 0 0 0 0 0 0 0 0 0 0 0 0 0 0
400 0 0 0 0 0 0 0 0 0 0 0 0 0 0 0 0 0 0 0 0 0 0 0 0 0 0 0 0 0 0 0 1138 7149 11567 15720 18691 20985 22116 22875 22105 19120 22533 24081 24028 24100 23615 20950 19860 17121 15330 13756 12119 10461 9653 8405 7124 6017 5501 4803 4027 3677 3203 2472 2175 1901 1186 1236 1025 785 707 653 737 360 284 72 174 0 0 0 0 60 0 0 0 0 0 0 0 0 0 0 0 0 0 0 0 0 0 0
390 0 0 0 0 0 0 0 0 0 0 0 0 0 0 0 0 0 0 0 0 0 0 0 0 0 0 0 0 0 1065 9308 16705 22666 29131 33793 37153 37949 35376 36723 41070 40039 39279 38150 35947 33917 31740 27861 24828 21102 18865 16412 15127 12680 11376 9430 8466 6388 6012 5116 3826 3591 2882 2641 2630 1894 1571 1335 1096 743 583 611 484 296 204 90 0 74 0 0 0 0 0 0 0 0 0 0 0 0 0 0 0 0 0 0 0 0 0 0
380 0 0 0 0 0 0 0 0 0 0 0 0 0 0 0 0 0 0 0 0 0 0 0 0 0 0 0 5344 14447 23248 31922 41863 49412 57340 57359 58581 64855 69604 69304 66333 63789 59899 56725 50783 46759 43624 38890 34695 28949 24880 21506 19542 17090 14335 12044 11198 9413 7791 6446 5291 4807 3551 3113 2676 2043 1822 1675 1493 835 833 809 424 328 340 66 190 66 0 129 0 0 0 0 0 0 0 0 0 0 0 0 0 0 0 0 0 0 0 0.00E+00
370 0 0 0 0 0 0 0 0 0 0 0 0 0 0 0 0 0 0 0 0 0 0 0 0 0 4363 15875 25636 36747 47911 61045 68950 72006 86433 95897 98729 99879 98113 94851 90424 86159 80001 73762 67456 60986 56522 50056 43101 35855 30306 26522 23643 19932 17262 14852 13275 10294 9166 7828 6389 5424 4536 3875 3280 2881 2421 1731 1512 1242 797 875 679 426 354 70 158 208 0 0 0 0 0 0 0 0 0 0 0 0 0 0 0 0 0 0 0 0 0 0
360 0 0 0 0 0 0 0 0 0 0 0 0 0 0 0 0 0 0 0 0 0 0 0 6921 17612 26363 37581 50391 62016 68787 77696 98183 112665 118223 121609 123184 121065 118269 112334 104506 98633 91828 83527 74544 69241 60959 53017 45106 38473 34010 29296 23899 20876 18273 15396 13200 10719 9869 8232 6662 5629 4503 4003 3212 2518 2349 1937 1599 1258 1023 839 437 429 270 212 90 0 96 0 0 0 0 0 0 0 0 0 0 0 0 0 0 0 0 0 0 0 0 0
350 0 0 0 0 0 0 0 0 0 0 0 0 0 0 0 0 0 0 0 0 0 9833 22239 32542 44061 53246 60702 65746 84805 102082 113249 122756 129273 133217 134142 131468 128434 121919 116629 107873 100403 90887 82002 73821 66324 59366 50823 43324 36700 31526 27514 23189 19837 17166 14214 12046 10469 8937 7221 6756 5543 4420 4068 3041 2748 2296 1899 1314 1285 755 599 509 162 154 86 0 0 0 0 0 0 0 0 0 0 0 0 0 0 0 0 0 0 0 0 0 0 0 0
340 0 0 0 0 0 0 0 0 0 0 0 0 0 0 0 0 0 0 0 4540 15882 27092 40131 50229 50945 58631 78219 92297 102782 110832 114305 120947 125044 125876 124505 119771 115036 108177 100876 93661 86090 77968 70691 62030 56529 50063 43375 35809 31046 26636 23047 19745 16603 14641 12679 10867 8588 7773 6404 5820 3890 3598 2859 2716 2090 1661 1390 1090 909 745 315 423 275 122 0 0 0 0 0 0 0 0 0 0 0 0 0 0 0 0 0 0 0 0 0 0 0 0 0
330 0 0 0 0 0 0 0 0 0 0 0 0 0 0 0 0 0 0 4374 13794 24042 28946 30400 49224 63744 72348 78190 83500 90223 92623 97026 99671 99532 97989 96556 92074 88463 80169 75422 69130 63035 56880 50903 46630 39846 37514 31454 26564 23287 19788 17104 14211 11671 10399 8562 7493 6433 5473 4925 3946 2961 2488 2426 1632 1601 1178 1156 379 440 358 0 171 0 0 0 0 0 0 0 0 0 0 0 0 0 0 0 0 0 0 0 0 0 0 0 0 0 0 0
320 0 0 0 0 0 0 0 0 0 0 0 0 0 0 0 0 0 0 4051 0 8900 30190 39839 46815 52675 56087 59944 62247 65941 67399 68520 69306 67131 66330 67170 62045 59086 55291 52692 46893 42189 39244 35596 32101 28500 25457 21853 18721 16283 13938 12079 10022 9048 7716 6597 5097 4587 3722 3454 2585 2729 1771 1487 1494 992 683 643 447 455 212 0 0 0 0 0 0 0 0 0 0 0 0 0 0 0 0 0 0 0 0 0 0 0 0 0 0 0 0 0
310 0 0 0 0 0 0 0 0 0 0 0 0 0 0 0 0 0 0 0 8360 14941 20617 26617 30293 33705 36159 37121 39898 41319 43023 43684 45076 46990 46849 46841 46310 44688 42314 40211 37821 35341 32707 29191 27188 23791 21952 18979 16237 14978 12582 11019 9602 8027 7660 6196 5396 4442 3974 3524 2928 2541 1998 1345 1396 1047 522 102 132 0 0 0 0 0 0 0 0 0 0 0 0 0 0 0 0 0 0 0 0 0 0 0 0 0 0 0 0 0 0 0
300 0 0 0 0 0 0 0 0 0 0 0 0 0 0 0 0 0 0 0 0 2216 7681 12124 14859 16879 19798 21671 22194 26170 29363 32405 36195 40084 41634 43153 44581 44610 43327 41985 39391 37087 34737 31739 30215 27303 24703 22365 19122 16411 14202 12249 9952 9774 8034 6949 5453 5135 4367 3704 3218 2758 2375 1797 1192 926 0 0 0 0 0 0 0 0 0 0 0 0 0 0 0 0 0 0 0 0 0 0 0 0 0 0 0 0 0 0 0 0 0 0
290 0 0 0 0 0 0 0 0 0 0 0 0 0 0 0 0 0 0 0 0 0 0 0 2219 5601 9444 11162 13947 17085 20535 23549 27755 30751 33545 34836 36813 35659 36114 35181 34267 31546 28875 26619 25121 22145 20308 17982 15431 12726 11517 10376 9275 7487 6230 5256 4407 3778 3372 2883 2257 2080 1282 0 0 0 0 0 0 0 0 0 0 0 0 0 0 0 0 0 0 0 0 0 0 0 0 0 0 0 0 0 0 0 0 0 0 0 0 0
280 0 0 0 0 0 0 335 760 1001 0 0 0 0 0 0 0 0 0 0 0 0 2186 4736 7356 8011 8869 10689 11150 13006 15035 16537 18891 20722 21740 22066 22188 21833 21580 20114 19203 17370 15657 14535 13153 11759 10776 8888 8135 6394 5539 4449 3463 3524 2196 2081 1791 1163 1345 0 0 0 0 0 0 0 0 0 0 0 0 0 0 0 0 0 0 0 0 0 0 0 0 0 0 0 0 0 0 0 0 0 0 0 0 0 0 0 0 0
270 0 0 0 0 134 685 381 0 654 3150 3022 2809 455 0 57 0 0 0 0 758 1206 2570 3048 4499 4795 5206 6528 7183 8067 8673 9066 9609 10737 11161 11543 10751 11222 10147 9566 8676 7661 7601 6110 6144 5447 4364 4014 2819 2270 1520 922 659 279 301 0 0 0 0 0 0 0 0 0 0 0 0 0 0 0 0 0 0 0 0 0 0 0 0 0 0 0 0 0 0 0 0 0 0 0 0 0 0 0 0 0 0 0 0 0
260 0 0 0 26 36 0 661 1023 1406 1635 1232 549 90 0 0 0 0 0 0 0 0 0 0 0 0 432 1361 1627 2703 3415 4294 4977 5410 5679 6187 5357 5012 5534 5632 4366 4114 3536 3210 3709 2854 2178 2065 1641 809 568 0 0 0 0 0 0 0 0 0 0 0 0 0 0 0 0 0 0 0 0 0 0 0 0 0 0 0 0 0 0 0 0 0 0 0 0 0 0 0 0 0 0 0 0 0 0 0 0 0
250 0 0 0 0 24 136 0 2 18 0 0 0 0 0 0 0 0 0 0 0 0 0 0 0 0 0 0 335 984 2213 2382 2732 3787 4325 4751 4720 5140 5082 4104 4396 3635 3370 3517 2588 2517 2019 0 0 0 0 0 0 0 0 0 0 0 0 0 0 0 0 0 0 0 0 0 0 0 0 0 0 0 0 0 0 0 0 0 0 0 0 0 0 0 0 0 0 0 0 0 0 0 0 0 0 0 0 0
