260 265 270 275 280 285 290 295 300 305 310 315 320 325 330 335 340 345 350 355 360 365 370 375 380 385 390 395 400 405 410 415 420 425 430 435 440 445 450 455 460 465 470 475 480 485 490 495 500 505 510 515 520 525 530 535 540 545 550 555 560 565 570 575 580 585 590 595 600 605 610 615 620 625 630 635 640 645 650 655 660 665 670 675 680 685 690 695 700 705 710 715 720 725 730 735 740 745 750
520 0 0 0 0 0 0 0 0 0 0 0 0 0 0 0 0 0 0 0 0 0 0 0 0 0 0 0 0 0 0 0 0 0 0 0 0 0 0 0 0 0 0 0 0 0 0 0 0 0 0 0 0 0 0 7940 5301 4553 4009 4087 5379 7332 13270 23177 47556 94507 177872 290291 405594 476750 489459 443539 369982 295014 228916 177742 139158 112693 96219 83980 75512 68126 60336 51096 42490 33722 26876 21625 17026 13279 10805 9030 7253 5838 5373 4607 4292 3613 3388 2629
510 0 0 0 0 0 0 0 0 0 0 0 0 0 0 0 0 0 0 0 0 0 0 0 0 0 0 0 0 0 0 0 0 0 0 0 0 0 0 0 0 0 0 0 0 0 0 0 0 0 0 0 0 20442 10666 6791 5189 4776 4224 4989 5736 7199 10938 18804 34172 64268 119106 192552 270195 316407 326379 296225 247119 198537 153282 118629 92883 75522 63383 56214 50574 44819 40450 35180 28777 22799 18469 14613 11862 9157 7378 6440 5133 4493 3707 3416 3094 2984 2303 2267
500 0 0 0 0 0 0 0 0 0 0 0 0 0 0 0 0 0 0 0 0 0 0 0 0 0 0 0 0 0 0 0 0 0 0 0 0 0 0 0 0 0 0 0 0 0 0 0 0 0 0 23864 12818 7905 6355 5327 5245 5002 4439 4478 5640 6396 8457 15204 25481 46736 85065 139672 194482 229291 235367 211353 178182 141338 109499 86208 67040 54557 45681 40818 36859 32412 28655 24636 21329 16858 13549 10689 8715 7231 5787 5088 4345 3789 3022 2791 2750 2303 2385 1908
490 0 0 0 0 0 0 0 0 0 0 0 0 0 0 0 0 0 0 0 0 0 0 0 0 0 0 0 0 0 0 0 0 0 0 0 0 0 0 0 0 0 0 0 0 0 0 0 0 29215 15315 9281 7159 6756 5210 4445 4150 4726 4695 4380 4539 6100 7247 10025 16493 30401 53774 87107 120650 142423 142024 130110 109066 86933 68820 53078 41825 34572 29421 25307 23085 21087 18490 15478 13008 11203 8954 7410 6068 4922 4002 3649 3168 2625 2585 2381 2261 1946 1716 1416
480 0 0 0 0 0 0 0 0 0 0 0 0 0 0 0 0 0 0 0 0 0 0 0 0 0 0 0 0 0 0 0 0 0 0 0 0 0 0 0 0 0 0 0 0 0 0 20000 11239 7565 5805 4354 3581 3476 3543 3656 3100 2944 3014 3058 3742 3648 5093 6873 11376 20087 34598 55599 76661 89719 92337 83773 69578 56116 44281 34258 27060 22127 19223 17434 14916 14029 12398 11237 9438 7693 5677 4842 4153 3494 2994 2771 2517 2304 2248 1988 1673 1698 1260 1064
470 0 0 0 0 0 0 0 0 0 0 0 0 0 0 0 0 0 0 0 0 0 0 0 0 0 0 0 0 0 0 0 0 0 0 0 0 0 0 0 0 0 0 0 0 49000 24866 15387 12490 10191 8107 7866 6685 6814 6527 5817 6398 5784 6193 4701 5124 5181 6265 7775 12180 20207 35777 56360 79781 92965 94220 86297 72701 57102 45273 35815 27815 23783 20100 17556 16556 14281 12810 11060 9633 7883 6584 5429 4716 3995 3630 3137 2868 2521 2359 2242 1912 1864 1726 1647
460 0 0 0 0 0 0 0 0 0 0 0 0 0 0 0 0 0 0 0 0 0 0 0 0 0 0 0 0 0 0 0 0 0 0 0 0 0 0 0 0 0 0 64000 31713 20827 14947 11874 10162 8615 7615 7370 7488 6488 6323 6788 6104 4589 4635 4670 4581 4330 5209 6690 10612 18041 31179 49772 68521 81875 83487 75268 64260 50952 39980 31114 25388 21045 18344 15614 14533 13289 11761 10276 8850 7185 6337 5355 4184 4149 3337 3154 2805 2579 2543 2203 1770 1595 1786 1703
450 0 0 0 0 0 0 0 0 0 0 0 0 0 0 0 0 0 0 0 0 0 0 0 0 0 0 0 0 0 0 0 0 0 0 0 0 0 0 0 0 68000 37571 24261 17555 13495 11531 10626 8613 8986 7851 6459 6361 6918 6802 6005 4509 4520 4268 4480 4737 4230 5002 6400 10455 17948 31866 50989 72287 85956 87999 79578 65917 53367 41278 33142 25790 21556 18408 16598 15050 14106 12545 11227 9494 8167 6773 5341 4875 4145 3347 2878 2963 2734 2677 2529 2123 2078 2156 1840
440 0 0 0 0 0 0 0 0 0 0 0 0 0 0 0 0 0 0 0 0 0 0 0 0 0 0 0 0 0 0 0 0 0 0 0 0 0 0 95000 50932 32487 25409 21957 17159 14661 13075 12163 10254 9714 9925 9503 9161 6705 6613 5887 5354 5469 4883 5524 5044 5221 5569 7326 11200 18003 31866 51696 71489 83426 85787 78816 65120 53511 41302 32268 26309 21520 18913 16783 15989 14391 12437 11550 9698 7577 6629 5363 4891 4472 3627 3392 2733 3140 2809 2573 2338 2236 2018 2118
430 0 0 0 0 0 0 0 0 0 0 0 0 0 0 0 0 0 0 0 0 0 0 0 0 0 0 0 0 0 0 0 0 0 0 0 0 114000 58564 39927 28283 23891 21350 19578 17466 16232 13797 13100 12633 12120 10838 8671 7816 6826 7178 6047 6021 5814 6026 6048 5774 5684 5997 8574 12136 21488 35737 56843 79126 92870 95406 87074 72075 58506 45855 36297 29350 24328 20597 18744 16683 15660 13013 11951 9857 8284 7578 6325 4963 4539 4126 3804 3327 3188 2984 2669 2709 2473 2299 2301
420 0 0 0 0 0 0 0 0 0 0 0 0 0 0 0 0 0 0 0 0 0 0 0 0 0 0 0 0 0 0 0 0 0 0 139000 73450 45247 35600 30534 23982 22981 22119 21586 18506 16567 16507 14934 14042 10786 9864 9073 8656 7703 7478 7658 7119 6618 6262 6287 6191 7083 7239 9234 12495 20798 35011 56199 78672 92694 93213 84837 71404 58112 46645 37232 29506 24532 20662 18388 16959 15649 13643 12275 10400 8720 8091 6644 6015 4627 4339 4009 3584 3642 3280 3238 2950 3014 2858 2713
410 0 0 0 0 0 0 0 0 0 0 0 0 0 0 0 0 0 0 0 0 0 0 0 0 0 0 0 0 0 0 0 0 151000 83234 55240 42994 34782 29618 27299 24616 22535 22176 22258 18326 18266 16812 13329 11857 10141 10188 8888 8799 8769 8602 8278 7586 7293 7373 7216 7113 6886 7044 9144 12232 18619 29088 44779 61158 72617 73196 67310 57124 46776 37272 29082 24206 19768 17658 16031 15053 12888 12079 10910 9390 8366 6921 6458 5436 4833 4721 4220 3943 3863 3692 3566 3439 3197 3363 3620
400 0 0 0 0 0 0 0 0 0 0 0 0 0 0 0 0 0 0 0 0 0 0 0 0 0 0 0 0 0 0 170000 93810 64390 48448 39866 36126 34174 31263 31474 28380 26212 25566 25218 22023 16954 15337 15247 13152 11605 11366 10893 10171 10178 9457 9177 9432 9311 8414 8292 8423 8377 9195 10114 11739 16816 25706 38294 53165 60503 61916 56061 47705 39235 31830 26428 21862 18717 16389 15156 13876 12502 11835 10718 9125 7789 7130 6125 5731 5151 4935 4983 5260 4809 4600 4559 4742 4217 4489 5126
390 0 0 0 0 0 0 0 0 0 0 0 0 0 0 0 0 0 0 0 0 0 0 0 0 0 0 0 0 214000 123168 84313 64989 53005 41486 36170 34804 32147 31191 30057 27692 27781 28334 23666 20765 18896 17076 15477 14865 13999 12372 10940 11291 10296 10385 10102 9840 9513 9504 10149 10292 9119 9183 10060 13023 16985 23793 33160 43110 48608 49601 45236 38767 32613 26922 21103 17927 15726 14241 12690 12563 11736 10291 9697 8870 7912 7323 6689 6572 6335 5952 6228 6071 6052 5903 6290 6593 6622 7269 7988
380 0 0 0 0 0 0 0 0 0 0 0 0 0 0 0 0 0 0 0 0 0 0 0 0 0 0 191000 106372 72063 54175 46068 39370 38409 35501 32159 31413 30329 29467 31941 28267 25514 24180 23386 20728 19701 18150 16636 15816 15111 13763 13474 12271 12548 11671 12006 12291 12588 10409 10550 10561 11541 11420 13320 15861 23054 35147 53808 74263 86814 88894 80884 68243 55720 44316 35683 29623 24758 21553 20227 18075 17247 15274 14505 13068 11680 10250 9857 8964 8445 8456 8271 9148 9012 9061 10158 10864 14862 21789 0.00E+00
370 0 0 0 0 0 0 0 0 0 0 0 0 0 0 0 0 0 0 0 0 0 0 0 0 180000 123904 70682 52590 45001 38286 35067 32403 31305 29443 27397 26480 26236 24816 23971 21198 21650 21697 21499 18176 17600 16371 14690 14618 13705 13003 12918 11633 12589 13251 10438 10093 9669 10584 9978 10224 10239 10234 12725 19825 34729 61613 98564 137850 164954 167948 153618 129814 105161 81287 64155 51070 41537 36828 33491 30626 28145 25821 23206 20449 17724 16103 13882 13542 13182 13141 13234 14975 18402 26107 0 0 0 0 0
360 0 0 0 0 0 0 0 0 0 0 0 0 0 0 0 0 0 0 0 0 0 0 178000 99906 67239 76236 54302 38619 37227 32975 29686 28189 27566 26782 27122 25167 22916 21143 21756 20982 20018 20018 20325 17833 16196 16204 14083 13020 12285 12768 14905 11359 9708 10095 10718 10680 10254 10122 9218 8452 8649 9309 11624 16130 24926 41380 64874 88506 104335 105824 97934 81096 65911 52520 42287 34071 29123 25821 24255 22446 20678 20497 21787 20836 19647 17472 16252 16480 20738 29561 0 0 0 0 0 0 0 0 0
350 0 0 0 0 0 0 0 0 0 0 0 0 0 0 0 0 0 0 0 0 164000 94559 65192 51042 43539 55382 55534 32284 31313 29232 27889 27730 26553 25459 22285 21807 20888 20353 20286 19502 18465 19475 19710 17088 15687 15581 15128 16912 13842 12025 11314 11798 11764 11088 10215 9271 8435 8598 8751 8885 8379 9041 9891 14077 21263 34979 54545 72061 85780 87208 79399 68712 55759 44273 35924 29402 25851 22633 21790 20049 20170 19507 19753 20137 23589 32018 0 0 0 0 0 0 0 0 0 0 0 0 0
340 0 0 0 0 0 0 0 0 0 0 0 0 0 0 0 0 0 0 131699 77739 53754 44920 38109 33613 31577 34425 46923 28266 27184 25259 25383 23832 21798 20679 20612 21477 19542 18833 19106 18865 18774 19684 19346 17327 19446 17670 13397 12661 13074 12374 11678 11366 9574 9065 8975 8472 8899 8334 8252 7850 8334 8449 10114 14126 21248 34521 54201 74769 88124 89122 80784 69105 56594 45703 36811 30705 27395 25311 23848 25120 28291 36013 0 0 0 0 0 0 0 0 0 0 0 0 0 0 0 0 0
330 0 0 0 0 0 0 0 0 0 0 0 0 0 0 0 0 114332 68017 47520 39332 34806 31031 25356 26617 28967 29741 28352 27886 27117 24545 23992 23594 24760 21935 20660 21537 20070 19919 20164 19184 20576 24569 27199 17962 15758 15925 14374 14043 13047 11571 10589 10499 10082 9831 8941 8759 8505 9286 8719 8759 8576 8968 10996 16056 26864 45895 71046 100544 120726 121602 111329 93908 78283 63002 51375 44828 42270 47186 0 0 0 0 0 0 0 0 0 0 0 0 0 0 0 0 0 0 0 0 0
320 0 0 0 0 0 0 0 0 0 0 0 0 0 0 90224 53492 38985 31834 29091 23253 21861 26855 26874 26906 26780 26877 28584 27267 26183 25697 25142 24521 23086 23429 22407 21667 21206 20939 24689 27880 21939 21791 22678 19082 17350 16583 14513 13638 11760 12794 11327 10892 10149 10288 9531 9409 8613 8549 8323 8676 8775 9976 12784 18385 31385 55368 89800 125151 148642 153151 139802 120526 100075 90747 0 0 0 0 0 0 0 0 0 0 0 0 0 0 0 0 0 0 0 0 0 0 0 0 0
310 0 0 0 0 0 0 0 0 0 0 0 0 57097 37223 28485 24094 20043 12823 19436 22827 23035 23799 24247 25761 24498 25338 26781 26877 24965 24198 25730 24924 24504 22821 22814 24152 29643 21880 21638 21324 21366 22539 22233 17318 16322 14612 14155 13564 11919 11069 11070 10985 10622 9465 8874 8832 8442 9140 8118 8593 8651 9548 12294 18522 30621 54625 85911 119856 141838 151420 0 0 0 0 0 0 0 0 0 0 0 0 0 0 0 0 0 0 0 0 0 0 0 0 0 0 0 0 0
300 0 0 0 0 0 0 0 0 0 0 31192 22758 20349 18874 11389 11395 18827 19831 20566 22050 22560 23342 22843 24672 25527 26166 26377 26639 26952 26702 26066 24938 26452 32480 26038 22435 22323 22618 22279 21831 21143 21390 21945 17702 16570 14671 14339 13607 12594 12172 10940 9801 9755 9773 9398 8152 7550 7748 7826 7348 8360 9736 13357 20035 35769 63644 0 0 0 0 0 0 0 0 0 0 0 0 0 0 0 0 0 0 0 0 0 0 0 0 0 0 0 0 0 0 0 0 0
290 0 0 0 0 0 0 0 0 12490 11923 11910 12559 6590 14481 19808 21305 21730 23042 24406 24104 24498 26242 26481 24810 26312 27542 26766 27877 27372 26481 33724 29170 25145 23750 23095 21650 22726 20394 21324 20023 21468 21562 21549 17464 15932 15423 14456 13292 11206 10823 11515 10126 8871 8669 8170 7513 6822 7731 6981 7021 7950 9201 0 0 0 0 0 0 0 0 0 0 0 0 0 0 0 0 0 0 0 0 0 0 0 0 0 0 0 0 0 0 0 0 0 0 0 0 0
280 0 0 0 0 0 0 3230 4338 7124 4223 3586 13180 16572 18439 19522 21317 21970 22788 23263 24862 25392 25309 26718 25987 27805 27751 28076 36804 35716 26743 27152 26816 25498 25828 23810 22779 22511 21952 23562 21729 22138 22483 24327 18763 16165 15669 15740 14357 11982 10709 10877 9423 9300 9177 9182 8291 7368 6582 0 0 0 0 0 0 0 0 0 0 0 0 0 0 0 0 0 0 0 0 0 0 0 0 0 0 0 0 0 0 0 0 0 0 0 0 0 0 0 0 0
270 0 0 0 0 274 590 1201 0 2565 6560 8829 10830 13276 14863 16294 16643 18797 19803 20014 22856 23753 24870 25486 27121 32755 35153 28653 30535 29993 27941 28357 26330 25914 24481 24015 23177 22965 22248 25015 24597 22227 23146 24693 20233 17086 15793 14455 13873 11934 11819 11098 10738 9868 8731 0 0 0 0 0 0 0 0 0 0 0 0 0 0 0 0 0 0 0 0 0 0 0 0 0 0 0 0 0 0 0 0 0 0 0 0 0 0 0 0 0 0 0 0 0
260 0 0 44 32 132 0 885 1736 3117 4620 6356 8122 10094 11888 13359 14874 16322 17204 19166 21148 22978 27963 33902 26624 27440 29946 29628 29530 29511 27288 28284 27116 27606 26449 25546 26160 25243 23638 25635 25957 24384 23395 23340 18984 17266 16604 17118 15789 13096 12514 0 0 0 0 0 0 0 0 0 0 0 0 0 0 0 0 0 0 0 0 0 0 0 0 0 0 0 0 0 0 0 0 0 0 0 0 0 0 0 0 0 0 0 0 0 0 0 0 0
250 26 72 48 50 174 214 855 1691 2356 4146 5900 7676 9443 10906 13046 14257 15636 17739 20907 28548 25057 25318 25925 27111 28311 27863 28572 30196 30926 28396 28103 28839 29841 27104 26201 25966 27472 25814 26653 23884 23589 24422 26023 21675 18802 17638 0 0 0 0 0 0 0 0 0 0 0 0 0 0 0 0 0 0 0 0 0 0 0 0 0 0 0 0 0 0 0 0 0 0 0 0 0 0 0 0 0 0 0 0 0 0 0 0 0 0 0 0 0
