260 265 270 275 280 285 290 295 300 305 310 315 320 325 330 335 340 345 350 355 360 365 370 375 380 385 390 395 400 405 410 415 420 425 430 435 440 445 450 455 460 465 470 475 480 485 490 495 500 505 510 515 520 525 530 535 540 545 550 555 560 565 570 575 580 585 590 595 600 605 610 615 620 625 630 635 640 645 650 655 660 665 670 675 680 685 690 695 700 705 710 715 720 725 730 735 740 745 750
520 0 0 0 0 0 0 0 0 0 0 0 0 0 0 0 0 0 0 0 0 0 0 0 0 0 0 0 0 0 0 0 0 0 0 0 0 0 0 0 0 0 0 0 0 0 0 0 0 0 0 0 0 0 0 2404 1638 1351 1277 1441 1039 971 901 663 518 452 430 302 550 198 236 218 0 0 0 0 0 0 24 108 194 102 122 6 46 98 24 60 24 60 54 98 188 166 128 46 162 72 136 156
510 0 0 0 0 0 0 0 0 0 0 0 0 0 0 0 0 0 0 0 0 0 0 0 0 0 0 0 0 0 0 0 0 0 0 0 0 0 0 0 0 0 0 0 0 0 0 0 0 0 0 0 0 2832 2057 1860 1844 2034 1846 1820 1585 1515 1385 1171 1021 829 745 670 650 562 493 0 0 0 0 0 0 0 78 0 148 30 0 0 0 0 0 0 0 14 0 0 108 68 98 126 118 162 132 78
500 0 0 0 0 0 0 0 0 0 0 0 0 0 0 0 0 0 0 0 0 0 0 0 0 0 0 0 0 0 0 0 0 0 0 0 0 0 0 0 0 0 0 0 0 0 0 0 0 0 0 4095 3121 3171 3104 3298 2906 3218 2945 2771 2599 2470 2194 2056 1831 1507 1377 1311 1321 905 761 298 0 0 0 0 0 60 24 226 166 184 86 0 0 0 0 0 0 0 48 60 122 134 82 116 120 112 164 140
490 0 0 0 0 0 0 0 0 0 0 0 0 0 0 0 0 0 0 0 0 0 0 0 0 0 0 0 0 0 0 0 0 0 0 0 0 0 0 0 0 0 0 0 0 0 0 0 0 5258 5572 5375 5560 5823 5771 5640 5827 5510 5383 5002 4691 4644 3891 3406 3066 2788 2791 2190 2090 1623 1473 1243 477 487 372 304 168 220 422 296 262 362 238 172 166 162 66 92 140 94 112 130 146 138 70 108 46 76 72 48
480 0 0 0 0 0 0 0 0 0 0 0 0 0 0 0 0 0 0 0 0 0 0 0 0 0 0 0 0 0 0 0 0 0 0 0 0 0 0 0 0 0 0 0 0 0 0 5874 6032 7253 8283 9888 10160 10972 11371 10569 10825 10608 9711 9133 8422 7485 7263 6405 5464 4852 4420 3891 3448 3159 2658 1964 1890 1349 1161 1031 819 760 700 760 578 590 486 422 360 246 66 150 174 212 182 116 184 142 152 114 106 64 108 104
470 0 0 0 0 0 0 0 0 0 0 0 0 0 0 0 0 0 0 0 0 0 0 0 0 0 0 0 0 0 0 0 0 0 0 0 0 0 0 0 0 0 0 0 0 6172 6786 8982 10941 14335 16751 19162 20697 21345 21150 20315 20357 19661 18089 16991 15647 14489 13196 11791 10510 9082 8367 7465 6543 5496 5089 4177 3510 2829 2433 1884 1803 1551 1327 1219 1157 872 890 638 680 460 464 350 224 342 296 200 294 144 196 132 158 144 62 144
460 0 0 0 0 0 0 0 0 0 0 0 0 0 0 0 0 0 0 0 0 0 0 0 0 0 0 0 0 0 0 0 0 0 0 0 0 0 0 0 0 0 0 5070 4024 5029 7138 9475 12172 15473 17636 19873 21079 21987 22495 20960 20270 19269 18343 17114 16382 14477 13357 12148 10689 9527 8635 7435 6726 6070 5095 4462 3807 3149 2550 2062 1922 1809 1527 1607 1097 936 912 752 428 440 394 322 356 258 336 336 292 224 228 208 190 184 164 130
450 0 0 0 0 0 0 0 0 0 0 0 0 0 0 0 0 0 0 0 0 0 0 0 0 0 0 0 0 0 0 0 0 0 0 0 0 0 0 0 0 5479 3289 3568 4345 5614 8174 10796 14235 17509 20669 22238 24104 23959 23944 23734 23122 22198 20537 19362 17890 15897 14723 13661 11826 10402 9501 8166 7308 6401 5731 4881 4236 3352 2695 2164 1964 1907 1609 1527 1227 1107 888 816 794 608 528 492 330 472 274 252 302 310 216 262 276 148 138 122
440 0 0 0 0 0 0 0 0 0 0 0 0 0 0 0 0 0 0 0 0 0 0 0 0 0 0 0 0 0 0 0 0 0 0 0 0 0 0 6317 3685 3285 3435 3768 4798 6411 9416 11967 15767 18252 21117 23105 23128 25338 24613 24635 23841 22752 20726 19994 18249 16935 14977 13649 12033 10669 9992 8622 7533 6688 5905 4961 3930 3305 2633 2001 1255 1504 1463 1297 1223 926 846 666 646 576 488 352 332 230 308 244 222 170 320 142 172 106 106 106
430 0 0 0 0 0 0 0 0 0 0 0 0 0 0 0 0 0 0 0 0 0 0 0 0 0 0 0 0 0 0 0 0 0 0 0 0 8107 5208 4518 4376 4497 4817 5697 6569 8559 11085 13589 17029 20209 21868 22961 23551 24343 24222 23408 23137 22310 20403 18742 17346 16026 14659 13260 11854 10430 9147 8180 7712 6420 5567 4377 3109 2204 904 100 0 641 1063 999 781 851 462 344 242 166 88 0 0 0 0 66 100 170 192 204 160 172 78 142
420 0 0 0 0 0 0 0 0 0 0 0 0 0 0 0 0 0 0 0 0 0 0 0 0 0 0 0 0 0 0 0 0 0 0 7982 6350 6564 6480 6707 7296 7624 8325 8558 9728 11274 13791 16037 19524 21915 23050 25343 25802 25786 25215 25001 23713 23274 21743 20216 18269 17030 14980 13714 12104 10785 9671 8611 7432 6503 5285 3174 821 0 0 0 0 0 0 104 352 0 0 0 0 0 0 0 0 0 0 0 0 104 78 164 124 106 12 54
410 0 0 0 0 0 0 0 0 0 0 0 0 0 0 0 0 0 0 0 0 0 0 0 0 0 0 0 0 0 0 0 0 8908 6209 6395 7442 8613 9774 9856 10746 11406 11414 11761 12275 13495 17436 18400 20012 22296 24016 24827 25493 25139 24634 24092 22920 21921 21017 18889 17503 16044 14967 12747 11431 10281 8882 7989 6972 5779 3559 0 0 0 0 0 0 0 0 0 0 0 0 0 0 0 0 0 0 0 0 0 0 0 0 66 68 40 26 92
400 0 0 0 0 0 0 0 0 0 0 0 0 0 0 0 0 0 0 0 0 0 0 0 0 0 0 0 0 0 0 8081 4994 4421 5015 6141 7044 9121 9535 10417 10295 10930 11487 11914 12519 13151 14027 15178 16136 16632 17697 18218 17125 17284 16861 16079 15746 14281 13346 12273 11595 10418 9439 8317 7519 6617 5646 5335 4164 3415 755 0 0 0 0 0 0 0 0 0 0 0 0 0 0 0 0 0 0 0 0 0 0 0 0 0 0 50 42 68
390 0 0 0 0 0 0 0 0 0 0 0 0 0 0 0 0 0 0 0 0 0 0 0 0 0 0 0 0 10732 6495 5020 4471 5409 5821 7439 8605 9832 10062 11049 13182 13547 14137 13875 14185 14244 15523 15392 16962 17700 18418 18697 18271 18868 17339 17508 16630 15581 14319 13583 12042 11160 10057 9299 7870 7023 6368 5695 4639 3768 1549 0 0 0 0 0 0 0 0 0 0 0 0 0 0 0 0 0 0 0 0 0 0 0 78 62 76 244 206 300
380 0 0 0 0 0 0 0 0 0 0 0 0 0 0 0 0 0 0 0 0 0 0 0 0 0 0 9566 5745 4560 4164 4124 4698 5953 7278 7181 7994 11393 14189 14724 15588 15655 15863 16400 16309 16720 17776 18967 19365 20242 21298 21760 21722 21816 20758 20348 19436 18124 17202 15824 14344 13274 11815 10551 9727 8194 7103 6372 5770 4429 2735 0 0 0 0 0 0 0 0 0 0 0 0 0 0 0 0 0 0 0 0 0 74 128 342 420 392 346 1007 0.00E+00
370 0 0 0 0 0 0 0 0 0 0 0 0 0 0 0 0 0 0 0 0 0 0 0 0 10279 7558 4902 5138 5306 5106 5732 5567 3667 7104 10615 11766 13037 14449 14587 14821 14601 15375 15763 15566 15823 16943 18380 18624 20402 20936 21743 22296 22074 21273 20503 19899 18030 17011 16212 14755 13406 12048 10749 9624 8785 7952 7009 6172 5109 3790 1593 0 0 0 0 0 0 190 52 34 0 0 0 0 0 0 0 0 0 144 398 446 651 1077 0 0 0 0 0
360 0 0 0 0 0 0 0 0 0 0 0 0 0 0 0 0 0 0 0 0 0 0 11108 7059 5215 6728 6323 6230 6296 3669 4401 7516 9250 11221 13267 13646 14065 14694 15695 15598 15973 15602 16441 16082 16393 18747 18951 20051 22241 23035 23294 24834 23637 23528 23773 21826 20871 19578 18702 16490 15211 13276 11864 10593 9341 8611 7508 7091 6276 4650 3166 694 0 0 0 0 745 912 739 739 478 520 530 406 200 84 20 428 636 1638 0 0 0 0 0 0 0 0 0
350 0 0 0 0 0 0 0 0 0 0 0 0 0 0 0 0 0 0 0 0 11783 8104 6401 6587 7639 8920 8062 4131 7316 10540 11632 12182 13111 14131 15100 15576 16963 16097 17135 16735 16411 16005 16058 15683 17275 17666 19363 21343 22334 23760 24062 24455 24588 23267 23207 22256 20644 19489 18129 17133 15459 13916 11949 11139 9834 9310 7615 6962 6122 5313 3927 2156 567 525 321 992 1159 1292 1211 1395 891 811 900 732 523 1519 0 0 0 0 0 0 0 0 0 0 0 0 0
340 0 0 0 0 0 0 0 0 0 0 0 0 0 0 0 0 0 0 10923 7007 5651 5649 7205 7434 3588 4737 11566 11532 12893 13812 14648 14885 14986 16945 16761 17449 17502 18308 18796 17391 17353 16259 16221 16751 17139 18053 18599 20900 21690 23210 23456 23319 23098 22142 22220 20800 19814 18599 17215 15844 14706 13409 11970 10152 8888 8277 7655 6528 5947 5016 4020 2651 1477 1298 1400 1472 1617 1620 1668 1904 1814 2318 0 0 0 0 0 0 0 0 0 0 0 0 0 0 0 0 0
330 0 0 0 0 0 0 0 0 0 0 0 0 0 0 0 0 10969 7192 6192 6362 6803 5958 2322 6612 9853 11318 11874 12766 13454 14359 14137 15859 15723 15935 16489 18075 17471 18052 18047 17311 17320 16078 16702 15877 16157 16404 17082 17776 17460 18868 18652 18866 18063 17562 16495 15756 15339 14257 12877 12135 10730 9672 8948 7607 7163 6553 5696 5499 4344 4212 3125 2229 1717 1414 1430 1772 2241 3434 0 0 0 0 0 0 0 0 0 0 0 0 0 0 0 0 0 0 0 0 0
320 0 0 0 0 0 0 0 0 0 0 0 0 0 0 10702 7475 6623 6885 6255 1578 2287 8496 8503 9361 9357 10631 10947 11969 12575 13764 13914 14260 14808 14570 15958 16931 15981 16271 16893 16055 15457 15323 14545 14320 14495 13782 14082 13989 13609 13897 13223 13085 12260 12058 11679 11078 10101 9388 8582 8199 7504 6557 5883 5147 4700 4210 4092 3527 3372 3042 2724 2229 2172 2729 0 0 0 0 0 0 0 0 0 0 0 0 0 0 0 0 0 0 0 0 0 0 0 0 0
310 0 0 0 0 0 0 0 0 0 0 0 0 9762 9196 11032 12898 12888 8000 14201 17561 18158 17769 16272 15017 15104 13896 13803 14428 14721 14859 15002 15586 15314 14772 15021 15076 15750 14357 14455 14091 13046 12189 12516 11724 11510 10893 10915 10101 10139 9766 9565 9235 8625 8283 7777 7288 6522 6463 5793 5351 4766 4455 3968 3547 3148 3174 2974 2760 2927 3474 0 0 0 0 0 0 0 0 0 0 0 0 0 0 0 0 0 0 0 0 0 0 0 0 0 0 0 0 0
300 0 0 0 0 0 0 0 0 0 0 8166 11418 17890 25506 27764 37080 49495 53598 56372 59488 58084 53672 48230 43735 38048 34561 31059 29336 27584 25894 23973 22823 21879 20589 19447 17563 17124 16348 15767 14221 12839 12206 11154 10440 9906 9589 9035 8528 7959 7941 7307 7263 6777 6533 5923 5831 5269 4758 4526 3852 3495 3489 3106 2735 2800 3317 0 0 0 0 0 0 0 0 0 0 0 0 0 0 0 0 0 0 0 0 0 0 0 0 0 0 0 0 0 0 0 0 0
290 0 0 0 0 0 0 0 0 4088 6517 13331 21250 28847 54093 78677 96388 109581 117008 124820 130394 126384 116244 105808 92776 81405 71653 63313 56477 51908 45850 41541 36397 33777 31121 27714 25667 22877 20561 18244 16872 15034 13488 13288 11401 10952 11030 10908 9923 9071 9104 8704 8555 8150 7172 7149 6789 6417 6043 5133 4987 4625 4127 0 0 0 0 0 0 0 0 0 0 0 0 0 0 0 0 0 0 0 0 0 0 0 0 0 0 0 0 0 0 0 0 0 0 0 0 0
280 0 0 0 0 0 0 655 1297 2988 0 4422 22375 37257 52262 69867 83304 93309 100908 108259 111495 108788 101798 89264 79457 69399 61136 54460 49250 43617 39849 35500 31283 29454 25832 23848 21893 20267 18351 16603 14824 14714 13186 12565 11792 12019 12470 12920 12995 13816 13669 13784 13753 13215 13595 12398 12020 11365 10706 0 0 0 0 0 0 0 0 0 0 0 0 0 0 0 0 0 0 0 0 0 0 0 0 0 0 0 0 0 0 0 0 0 0 0 0 0 0 0 0 0
270 0 0 0 0 172 186 0 0 0 4473 8258 14892 22913 32911 41825 50973 56641 61109 65000 67713 65746 61907 55883 48943 43849 38695 34391 30867 28017 25693 22917 20621 19227 17591 16023 14974 14431 13799 12957 11892 11416 11280 11133 11225 12612 14388 15470 17368 18042 19851 20483 20854 21760 20919 0 0 0 0 0 0 0 0 0 0 0 0 0 0 0 0 0 0 0 0 0 0 0 0 0 0 0 0 0 0 0 0 0 0 0 0 0 0 0 0 0 0 0 0 0
260 0 0 38 8 0 0 307 757 1576 2435 4221 6633 10064 14294 18093 22155 24092 25846 27497 28749 28182 27259 25355 22029 19725 17542 16210 15347 14020 13400 12450 11552 11392 10973 11030 11209 11098 11064 11249 10550 10682 10083 10493 10043 10848 11505 12548 13256 14031 14273 0 0 0 0 0 0 0 0 0 0 0 0 0 0 0 0 0 0 0 0 0 0 0 0 0 0 0 0 0 0 0 0 0 0 0 0 0 0 0 0 0 0 0 0 0 0 0 0 0
250 22 26 0 36 20 170 338 480 787 1185 2128 3010 4561 6497 8170 9482 11103 11820 12703 13522 13338 12918 11958 10546 9746 8669 8260 7544 7193 6954 7029 6409 6807 6509 6390 6506 5947 6421 6045 6020 5621 5909 5501 5366 5648 5698 0 0 0 0 0 0 0 0 0 0 0 0 0 0 0 0 0 0 0 0 0 0 0 0 0 0 0 0 0 0 0 0 0 0 0 0 0 0 0 0 0 0 0 0 0 0 0 0 0 0 0 0 0
