260 265 270 275 280 285 290 295 300 305 310 315 320 325 330 335 340 345 350 355 360 365 370 375 380 385 390 395 400 405 410 415 420 425 430 435 440 445 450 455 460 465 470 475 480 485 490 495 500 505 510 515 520 525 530 535 540 545 550 555 560 565 570 575 580 585 590 595 600 605 610 615 620 625 630 635 640 645 650 655 660 665 670 675 680 685 690 695 700 705 710 715 720 725 730 735 740 745 750
520 0 0 0 0 0 0 0 0 0 0 0 0 0 0 0 0 0 0 0 0 0 0 0 0 0 0 0 0 0 0 0 0 0 0 0 0 0 0 0 0 0 0 0 0 0 0 0 0 0 0 0 0 0 0 536 320 232 206 168 150 134 120 84 122 110 94 112 96 70 100 92 70 56 116 118 100 96 72 66 70 48 70 64 44 50 50 34 38 44 48 60 22 36 32 36 34 46 42 56
510 0 0 0 0 0 0 0 0 0 0 0 0 0 0 0 0 0 0 0 0 0 0 0 0 0 0 0 0 0 0 0 0 0 0 0 0 0 0 0 0 0 0 0 0 0 0 0 0 0 0 0 0 556 278 226 200 134 156 158 132 112 112 118 108 106 92 54 68 70 62 106 84 94 102 64 96 76 64 56 44 50 80 68 40 22 36 40 42 26 18 38 28 36 54 36 52 38 28 32
500 0 0 0 0 0 0 0 0 0 0 0 0 0 0 0 0 0 0 0 0 0 0 0 0 0 0 0 0 0 0 0 0 0 0 0 0 0 0 0 0 0 0 0 0 0 0 0 0 0 0 632 392 278 222 184 136 162 140 116 112 134 160 134 128 60 96 96 96 144 102 70 70 44 84 54 66 66 52 58 52 56 58 46 64 42 42 32 46 40 36 38 38 44 18 34 28 20 42 24
490 0 0 0 0 0 0 0 0 0 0 0 0 0 0 0 0 0 0 0 0 0 0 0 0 0 0 0 0 0 0 0 0 0 0 0 0 0 0 0 0 0 0 0 0 0 0 0 0 654 442 304 258 252 250 210 140 168 140 164 140 164 136 104 78 100 144 136 106 68 64 108 62 64 40 66 48 100 58 70 64 58 42 42 44 42 30 40 36 32 24 30 20 44 34 30 22 22 28 36
480 0 0 0 0 0 0 0 0 0 0 0 0 0 0 0 0 0 0 0 0 0 0 0 0 0 0 0 0 0 0 0 0 0 0 0 0 0 0 0 0 0 0 0 0 0 0 772 382 276 274 220 196 174 190 182 142 144 152 124 128 120 150 150 172 114 66 80 68 70 48 48 74 62 66 48 46 50 68 36 48 54 34 52 40 34 36 32 44 32 32 18 36 38 50 30 28 36 18 12
470 0 0 0 0 0 0 0 0 0 0 0 0 0 0 0 0 0 0 0 0 0 0 0 0 0 0 0 0 0 0 0 0 0 0 0 0 0 0 0 0 0 0 0 0 818 510 372 366 340 304 288 246 236 208 178 230 228 250 170 318 332 230 116 102 90 76 100 116 72 88 70 88 82 68 90 68 66 56 76 58 50 36 50 48 48 42 48 58 42 48 34 32 30 32 38 48 14 48 28
460 0 0 0 0 0 0 0 0 0 0 0 0 0 0 0 0 0 0 0 0 0 0 0 0 0 0 0 0 0 0 0 0 0 0 0 0 0 0 0 0 0 0 1036 466 422 358 276 210 288 244 248 216 206 220 198 266 278 370 210 108 146 102 94 130 90 92 98 68 84 62 88 52 82 40 58 72 116 76 64 70 52 66 62 62 56 56 42 56 54 34 44 52 60 44 32 32 28 46 40
450 0 0 0 0 0 0 0 0 0 0 0 0 0 0 0 0 0 0 0 0 0 0 0 0 0 0 0 0 0 0 0 0 0 0 0 0 0 0 0 0 1212 748 486 358 378 288 268 270 248 290 238 268 276 458 440 314 182 160 186 170 130 152 140 108 92 108 116 106 94 94 138 68 110 64 84 84 74 62 84 72 66 64 70 68 80 50 56 54 34 48 54 54 40 26 48 60 54 38 36
440 0 0 0 0 0 0 0 0 0 0 0 0 0 0 0 0 0 0 0 0 0 0 0 0 0 0 0 0 0 0 0 0 0 0 0 0 0 0 1072 660 440 410 346 300 266 292 276 278 238 264 370 534 342 212 172 216 192 136 172 124 78 108 90 84 96 94 82 72 84 100 90 76 90 70 70 74 64 88 46 58 70 54 82 44 68 46 42 72 54 42 48 60 50 42 44 50 24 36 20
430 0 0 0 0 0 0 0 0 0 0 0 0 0 0 0 0 0 0 0 0 0 0 0 0 0 0 0 0 0 0 0 0 0 0 0 0 1064 708 446 428 348 338 298 334 274 354 290 390 572 602 282 174 246 202 192 156 150 176 138 162 148 100 112 84 86 90 84 96 88 110 102 88 70 74 104 92 60 74 84 68 66 50 106 62 74 26 26 52 36 30 32 34 30 68 32 26 42 48 30
420 0 0 0 0 0 0 0 0 0 0 0 0 0 0 0 0 0 0 0 0 0 0 0 0 0 0 0 0 0 0 0 0 0 0 1350 716 474 450 452 362 288 310 382 274 480 630 724 420 286 222 212 254 216 208 218 202 152 198 168 132 144 120 128 118 116 96 138 140 100 110 104 96 86 88 106 94 92 76 82 98 62 60 50 46 62 86 70 66 60 62 26 58 42 40 60 18 30 24 50
410 0 0 0 0 0 0 0 0 0 0 0 0 0 0 0 0 0 0 0 0 0 0 0 0 0 0 0 0 0 0 0 0 1284 754 570 522 450 404 428 344 368 416 716 832 644 360 318 296 242 266 276 226 270 186 232 212 186 156 200 128 144 124 98 226 196 150 94 108 114 128 126 148 136 118 118 162 134 90 102 88 90 70 70 80 56 72 52 60 60 38 44 38 48 28 46 40 26 40 26
400 0 0 0 0 0 0 0 0 0 0 0 0 0 0 0 0 0 0 0 0 0 0 0 0 0 0 0 0 0 0 1493 986 714 632 520 606 552 522 626 810 1374 898 516 516 386 378 346 262 246 276 248 236 232 184 214 170 192 212 150 172 166 176 168 222 184 196 184 192 146 182 176 192 176 186 206 182 146 126 110 66 72 72 94 76 90 86 78 64 38 54 72 48 66 48 38 50 68 38 52
390 0 0 0 0 0 0 0 0 0 0 0 0 0 0 0 0 0 0 0 0 0 0 0 0 0 0 0 0 1927 1112 834 762 640 646 546 618 712 1238 1465 576 628 590 494 442 384 384 314 352 290 292 232 324 298 264 230 208 186 204 162 184 158 148 158 222 140 136 138 140 112 120 178 150 134 104 124 126 150 112 84 94 90 108 90 86 90 82 94 76 62 72 36 84 78 54 78 54 64 78 78
380 0 0 0 0 0 0 0 0 0 0 0 0 0 0 0 0 0 0 0 0 0 0 0 0 0 0 1461 912 636 638 564 562 582 558 1186 1741 812 636 650 620 498 512 406 466 500 466 364 398 412 334 312 288 328 192 186 218 268 168 200 156 168 196 212 156 128 144 130 120 116 122 114 112 112 76 112 102 96 122 124 90 120 96 102 70 76 94 64 82 90 68 98 96 106 82 110 132 132 204 470
370 0 0 0 0 0 0 0 0 0 0 0 0 0 0 0 0 0 0 0 0 0 0 0 0 1605 1196 722 524 518 574 604 750 1895 1276 682 682 694 642 706 556 544 576 486 484 440 456 430 336 378 312 258 268 306 284 246 200 240 200 210 168 194 186 142 124 108 114 120 114 80 124 158 120 104 126 116 122 106 104 106 82 96 86 108 86 116 90 100 118 114 102 108 138 158 252 568 0.00E+00 0 0 0
360 0 0 0 0 0 0 0 0 0 0 0 0 0 0 0 0 0 0 0 0 0 0 1647 1050 804 784 612 504 632 1539 2141 902 722 744 754 824 774 628 628 590 572 562 542 490 458 462 434 308 366 320 352 278 202 232 222 230 194 174 204 212 126 172 164 138 190 118 144 120 148 106 98 94 118 102 104 130 118 126 96 116 90 146 180 196 136 142 128 148 182 318 598 1.22E+05 0.00E+00 0 0 0 0 0 0
350 0 0 0 0 0 0 0 0 0 0 0 0 0 0 0 0 0 0 0 0 1699 1034 770 776 610 696 1054 2575 1316 774 756 698 734 828 738 686 734 654 688 516 588 586 558 522 440 436 380 384 284 282 292 246 294 250 194 176 224 126 220 148 166 118 120 122 162 136 148 112 116 106 120 120 96 120 122 90 124 120 96 118 124 112 192 176 194 428 602 1.13E+05 0 0 0 0 0 0 0 0 0 0 0
340 0 0 0 0 0 0 0 0 0 0 0 0 0 0 0 0 0 0 1639 1156 906 722 686 746 2149 2247 904 852 872 900 848 894 732 768 790 666 792 656 698 570 588 536 486 430 478 464 414 306 346 328 266 268 212 226 188 188 198 212 170 188 156 138 130 164 132 100 174 120 140 122 114 130 100 148 154 160 180 166 166 200 246 374 708 1.19E+05 0 0 0 0 0 0 0 0 0.00E+00 0 0 0 0 0 0
330 0 0 0 0 0 0 0 0 0 0 0 0 0 0 0 0 1919 1499 1268 1196 1222 1587 3435 1404 1034 1016 934 1022 962 980 890 868 864 794 798 884 816 646 608 580 522 584 588 450 420 432 440 390 280 228 246 284 244 220 234 226 200 200 202 170 192 128 142 164 118 160 144 166 146 136 134 150 150 182 188 198 254 522 714 1.42E+05 0 0 0 0 0 0 0 0 0 0 0 0 0 0 0 0 0 0 0
320 0 0 0 0 0 0 0 0 0 0 0 0 0 0 1761 1643 1537 1364 1585 3651 3228 1436 1344 1202 1152 1052 1016 1044 1034 1002 910 876 818 736 778 656 680 616 626 614 510 502 528 504 416 404 332 384 294 270 278 240 214 198 228 176 184 164 138 210 148 158 140 148 162 108 174 150 166 182 172 190 288 464 804 1.43E+05 0 0 0 0 0 0 0 0 0 0 0 0 0 0 0 0 0.00E+00 0 0 0 0 0 0
310 0 0 0 0 0 0 0 0 0 0 0 0 1352 1400 1693 1959 2391 4567 2321 2257 1929 1885 1693 1513 1394 1336 1140 1066 1034 1000 968 828 834 772 704 688 670 658 616 576 606 556 544 406 364 328 344 298 306 288 242 234 230 210 206 192 192 184 154 150 164 146 146 152 140 174 220 206 274 412 778 1.43E+05 0 0 0 0 0 0 0 0 0 0 0 0 0 0 0 0 0 0 0 0 0 0 0 0 0 0 0
300 0 0 0 0 0 0 0 0 0 0 1673 2125 3114 4182 6694 6788 5763 5529 5497 5210 4771 4246 3819 2978 2569 2149 1735 1639 1406 1238 1162 1098 942 952 762 766 758 658 578 466 510 474 496 364 378 340 334 264 290 260 192 276 216 192 146 170 172 164 148 124 148 150 202 196 216 308 618 1.18E+05 0 0 0 0 0 0 0 0 0 0 0 0 0 0 0 0 0 0 0 0 0 0 0 0 0.00E+00 0 0 0 0 0 0
290 0 0 0 0 0 0 0 0 1246 2437 4240 6451 11163 11058 12367 13680 13837 13046 12465 11856 10986 9011 7741 6086 5040 4354 3723 3154 2449 2133 2077 1655 1463 1198 1062 1034 810 752 666 588 586 524 480 430 374 334 352 256 282 254 242 222 180 170 148 172 124 122 150 158 160 142 226 31997 0 0 0 0 0 0 0 0 0 0 0 0 0 0 0 0 0 0 0 0 0 0 0 0 0 0 0 0 0 0 0 0 0 0 0
280 0 0 0 0 0 0 478 1140 2393 4579 6966 8534 10421 12365 13336 13416 13231 12696 11621 10887 9590 8102 6938 5663 4731 3575 3042 2670 2165 1821 1659 1424 1178 1090 956 816 690 724 572 518 470 426 480 388 300 324 328 296 298 260 200 170 168 152 204 146 146 164 128 2866 0 0 0 0 0 0 0 0 0 0 0 0 0 0 0 0 0 0 0 0 0 0 0 0 0 0 0 0 0 0 0 0 0.00E+00 0 0 0 0 0 0
270 0 0 0 0 20 110 288 1246 1663 2810 4106 5479 6521 7566 7667 8048 7608 7013 6162 5900 5434 4551 3851 2922 2592 2009 1681 1495 1302 1140 952 846 716 686 678 602 534 412 426 360 358 410 292 284 312 300 254 196 160 160 154 144 138 114 130 206 0 0 0 0 0 0 0 0 0 0 0 0 0 0 0 0 0 0 0 0 0 0 0 0 0 0 0 0 0 0 0 0 0 0 0 0 0 0 0 0 0 0 0
260 0 0 4 2 22 70 120 402 688 1300 2085 2616 3284 3659 3853 3699 3509 3268 2940 2734 2295 2107 1657 1384 1150 1052 890 736 602 532 480 502 378 402 372 386 296 290 286 264 302 242 194 174 190 168 150 150 166 144 126 90 0 0 0 0 0 0 0 0 0 0 0 0 0 0 0 0 0 0 0 0 0 0 0 0 0 0 0 0 0 0 0 0 0 0 0 0 0 0 0 0 0.00E+00 0 0 0 0 0 0
250 2 8 2 0 2 34 68 156 338 684 898 1406 1501 1801 1695 1903 1695 1499 1505 1450 1266 1086 920 800 728 586 514 548 404 336 382 372 282 290 262 238 284 212 264 220 178 192 200 190 164 168 142 138 0 0 0 0 0 0 0 0 0 0 0 0 0 0 0 0 0 0 0 0 0 0 0 0 0 0 0 0 0 0 0 0 0 0 0 0 0 0 0 0 0 0 0 0 0 0 0 0 0 0 0
