260 265 270 275 280 285 290 295 300 305 310 315 320 325 330 335 340 345 350 355 360 365 370 375 380 385 390 395 400 405 410 415 420 425 430 435 440 445 450 455 460 465 470 475 480 485 490 495 500 505 510 515 520 525 530 535 540 545 550 555 560 565 570 575 580 585 590 595 600 605 610 615 620 625 630 635 640 645 650 655 660 665 670 675 680 685 690 695 700 705 710 715 720 725 730 735 740 745 750
520 0 0 0 0 0 0 0 0 0 0 0 0 0 0 0 0 0 0 0 0 0 0 0 0 0 0 0 0 0 0 0 0 0 0 0 0 0 0 0 0 0 0 0 0 0 0 0 0 0 0 0 0 0 0 2328 1188 479 297 244 40 140 150 285 357 408 392 154 358 236 292 156 244 310 154 231 76 154 166 230 72 122 70 112 92 34 138 156 80 106 86 140 110 162 156 214 262 196 272 258
510 0 0 0 0 0 0 0 0 0 0 0 0 0 0 0 0 0 0 0 0 0 0 0 0 0 0 0 0 0 0 0 0 0 0 0 0 0 0 0 0 0 0 0 0 0 0 0 0 0 0 0 0 3214 1984 1267 932 876 858 1052 855 591 765 797 693 456 702 506 530 652 394 281 356 248 274 298 290 250 260 216 158 162 202 154 106 116 126 84 156 96 98 104 144 156 226 218 178 168 254 262
500 0 0 0 0 0 0 0 0 0 0 0 0 0 0 0 0 0 0 0 0 0 0 0 0 0 0 0 0 0 0 0 0 0 0 0 0 0 0 0 0 0 0 0 0 0 0 0 0 0 0 6105 3325 2489 1730 1896 1584 1234 1262 1213 1117 1075 1025 1033 827 851 935 719 568 521 603 521 508 426 348 448 264 318 294 252 264 148 200 176 116 132 148 128 102 112 128 114 170 130 172 246 242 282 294 232
490 0 0 0 0 0 0 0 0 0 0 0 0 0 0 0 0 0 0 0 0 0 0 0 0 0 0 0 0 0 0 0 0 0 0 0 0 0 0 0 0 0 0 0 0 0 0 0 0 1701 1133 892 1143 965 1109 951 895 917 909 937 969 857 863 725 653 741 498 665 627 488 540 398 428 340 294 228 248 220 190 202 116 158 64 114 96 54 88 86 56 136 52 46 90 16 158 102 148 160 130 148
480 0 0 0 0 0 0 0 0 0 0 0 0 0 0 0 0 0 0 0 0 0 0 0 0 0 0 0 0 0 0 0 0 0 0 0 0 0 0 0 0 0 0 0 0 0 0 3692 2269 1998 1584 1419 1668 1481 1371 1571 1413 1524 1451 1361 1381 1226 1083 1004 758 877 911 942 844 628 658 688 572 572 444 322 372 222 324 272 148 282 156 136 176 128 178 154 190 130 170 130 96 162 176 218 270 230 262 318
470 0 0 0 0 0 0 0 0 0 0 0 0 0 0 0 0 0 0 0 0 0 0 0 0 0 0 0 0 0 0 0 0 0 0 0 0 0 0 0 0 0 0 0 0 3474 2102 1708 1836 1904 1842 1626 1628 1647 2155 1890 1662 1750 1754 1991 1332 1425 1364 941 1253 1107 1099 832 898 932 702 740 702 508 534 548 392 396 284 268 274 254 326 278 188 130 76 150 176 142 122 146 164 124 160 216 296 262 388 324
460 0 0 0 0 0 0 0 0 0 0 0 0 0 0 0 0 0 0 0 0 0 0 0 0 0 0 0 0 0 0 0 0 0 0 0 0 0 0 0 0 0 0 2665 1801 1498 1451 1480 1584 1872 1694 1758 1842 1842 1846 1674 1875 1191 1929 1632 1428 1299 1081 1055 1093 924 770 756 784 772 546 620 474 380 412 364 368 314 270 174 188 228 174 102 160 170 154 128 122 96 64 100 140 146 202 238 196 238 292 208
450 0 0 0 0 0 0 0 0 0 0 0 0 0 0 0 0 0 0 0 0 0 0 0 0 0 0 0 0 0 0 0 0 0 0 0 0 0 0 0 0 3234 2162 1809 1816 1890 2150 1886 2018 2106 2110 2010 2019 2118 1637 1637 1716 1550 1582 1497 1423 1079 1097 1091 920 1095 766 726 804 638 642 502 452 404 376 420 428 336 278 326 222 192 238 158 168 176 136 114 170 132 150 148 188 116 210 212 224 246 342 318
440 0 0 0 0 0 0 0 0 0 0 0 0 0 0 0 0 0 0 0 0 0 0 0 0 0 0 0 0 0 0 0 0 0 0 0 0 0 0 4256 2986 2642 2599 2415 2466 2381 2754 2409 2377 2277 2322 2077 1650 2153 1759 1900 1822 1800 1539 1479 1401 1443 1335 1175 1141 932 914 938 674 610 596 516 576 464 548 340 324 368 334 334 272 320 164 148 228 184 178 188 76 178 124 122 120 156 162 228 268 272 188 300
430 0 0 0 0 0 0 0 0 0 0 0 0 0 0 0 0 0 0 0 0 0 0 0 0 0 0 0 0 0 0 0 0 0 0 0 0 3062 2479 2197 2519 2403 2419 2633 2525 2501 2741 2688 2483 2273 1971 2197 2280 2020 1952 2020 1754 1792 1667 1355 1273 1479 1335 1091 1199 970 858 850 692 620 612 646 512 444 434 394 306 228 262 262 214 164 168 178 156 108 62 92 68 98 122 134 134 184 200 216 258 262 190 292
420 0 0 0 0 0 0 0 0 0 0 0 0 0 0 0 0 0 0 0 0 0 0 0 0 0 0 0 0 0 0 0 0 0 0 3171 2477 2184 2403 2428 2648 2574 2910 2890 3079 3007 2523 2805 3058 2454 2549 2519 2187 2197 1986 2026 1952 1565 1709 1553 1411 1415 1229 1071 925 868 796 706 936 546 644 638 490 460 392 412 326 276 270 244 166 242 194 176 170 176 64 182 60 78 110 108 142 120 136 166 178 248 190 274
410 0 0 0 0 0 0 0 0 0 0 0 0 0 0 0 0 0 0 0 0 0 0 0 0 0 0 0 0 0 0 0 0 3670 3145 2335 2585 2729 2903 3216 3029 3459 3414 3819 2959 3058 3702 3314 2938 2907 2343 2226 2203 1950 1880 1766 1610 1796 1485 1449 1549 1303 1081 1037 859 971 993 706 820 864 724 612 598 520 364 476 374 302 274 310 404 254 300 284 192 184 196 132 198 182 146 106 106 160 232 162 218 244 188 270
400 0 0 0 0 0 0 0 0 0 0 0 0 0 0 0 0 0 0 0 0 0 0 0 0 0 0 0 0 0 0 3904 3393 3290 3383 3052 3842 3886 3700 4802 3885 3130 3967 4213 4143 3934 3952 3498 3015 2976 2898 2357 2421 2232 2151 1860 1784 1762 1730 1271 1339 1239 1147 1185 1069 881 790 838 812 778 778 708 572 570 508 370 376 338 284 388 416 290 206 304 238 178 92 112 164 190 174 90 136 242 246 210 214 232 212 246
390 0 0 0 0 0 0 0 0 0 0 0 0 0 0 0 0 0 0 0 0 0 0 0 0 0 0 0 0 4437 3858 3908 3409 3745 3478 3701 4309 4599 3334 5211 4560 4496 4429 4252 3822 3904 3637 3111 3276 2600 2325 2371 2339 2216 1900 1930 1984 1808 1562 1554 1459 1313 983 1009 951 899 1011 738 730 684 618 582 648 586 378 422 322 314 334 260 96 274 186 264 102 236 144 158 154 150 108 96 208 182 144 232 246 256 250 348
380 0 0 0 0 0 0 0 0 0 0 0 0 0 0 0 0 0 0 0 0 0 0 0 0 0 0 3236 3259 2859 3251 3726 3617 3892 4487 4599 3317 3804 4323 4341 4678 4498 4414 3957 4063 3827 3504 3559 3228 2885 2546 2247 2265 2135 2122 1938 1751 1658 1710 1301 1421 1185 1191 1003 861 841 644 880 642 554 550 512 500 454 382 290 272 220 304 258 228 218 228 242 180 112 82 204 192 92 172 112 164 144 198 236 316 218 326 0.00E+00
370 0 0 0 0 0 0 0 0 0 0 0 0 0 0 0 0 0 0 0 0 0 0 0 0 3899 3266 3441 3219 3544 3278 4058 4539 3118 4516 4459 4805 4800 5249 4650 4920 4527 4114 4301 4160 3936 3860 3190 2844 3140 2683 2370 2498 2155 1998 1742 1759 1649 1558 1608 1235 1187 1037 973 977 943 798 690 578 584 596 612 444 466 408 394 392 286 256 268 322 212 310 274 198 164 218 250 222 262 204 370 334 368 490 0 0 0 0 0
360 0 0 0 0 0 0 0 0 0 0 0 0 0 0 0 0 0 0 0 0 0 0 2767 2412 2246 2082 2355 2783 3321 3827 3447 3846 4231 4209 4338 4422 4576 4116 4032 4254 4080 3491 3494 3423 3329 3163 2880 2535 2416 2358 2126 1955 2000 1844 1828 1565 1535 1596 1333 1147 1155 1025 945 961 785 765 734 452 554 546 600 478 484 378 408 230 296 314 266 184 192 220 246 278 254 286 238 280 286 485 0 0 0 0 0 0 0 0 0
350 0 0 0 0 0 0 0 0 0 0 0 0 0 0 0 0 0 0 0 0 3831 2483 1812 1193 1731 2219 2301 2032 1140 1924 1716 2069 1932 2194 2322 2416 2583 2156 2629 2501 2816 2719 2282 2767 1939 2342 1884 2251 2237 2081 2346 1865 2089 1816 1828 1771 1515 1560 1410 1245 1361 1261 1133 839 809 879 957 650 758 598 506 466 534 392 310 340 376 360 370 246 396 314 470 384 442 537 0 0 0 0 0 0 0 0 0 0 0 0 0
340 0 0 0 0 0 0 0 0 0 0 0 0 0 0 0 0 0 0 1764 1400 1497 1742 1218 1143 557 0 392 0 0 0 0 0 0 0 0 30 171 689 824 1053 964 723 1669 1372 1945 1237 1547 1349 1591 1493 1342 1585 1434 1742 1706 1651 1615 1518 1390 1313 1247 1303 955 961 917 708 794 682 616 598 590 520 586 398 462 382 308 356 268 278 298 493 0 0 0 0 0 0 0 0 0 0 0 0 0 0 0 0 0
330 0 0 0 0 0 0 0 0 0 0 0 0 0 0 0 0 1777 1497 1859 1649 2322 3112 1009 0 173 0 0 0 0 0 0 0 0 0 0 0 0 0 0 0 0 0 440 36 573 651 740 1316 1048 950 819 1031 1190 1226 1419 1185 1347 1282 1147 1177 1049 955 1001 1003 807 704 684 690 744 440 616 478 496 384 356 508 430 611 0 0 0 0 0 0 0 0 0 0 0 0 0 0 0 0 0 0 0 0 0
320 0 0 0 0 0 0 0 0 0 0 0 0 0 0 1940 1238 1260 2053 3491 2921 3619 7417 10116 12426 12532 12952 12473 13251 12213 10745 9771 8979 6096 5670 5177 4297 2677 2198 2027 1395 1115 1307 1020 1616 1400 782 786 910 1252 1521 1335 1187 1242 997 1113 1259 1229 838 1051 1193 963 1251 947 679 831 648 702 780 558 598 494 558 494 521 0 0 0 0 0 0 0 0 0 0 0 0 0 0 0 0 0 0 0 0 0 0 0 0 0
310 0 0 0 0 0 0 0 0 0 0 0 0 5507 6762 7580 8144 8262 6951 20817 43200 72604 108707 147724 181367 204614 223099 231093 232597 225273 213331 198335 177772 158373 140546 119333 101830 86664 72854 59587 49052 41877 33955 28323 22872 19073 15733 12960 10266 8300 6488 5228 4600 3907 3529 2994 2632 2356 2135 1814 1666 1485 1361 1219 1121 1175 1117 893 761 809 1017 5075 0 0 0 0 0 0 0 0 0 0 0 0 0 0 0 0 0 0 0 0 0 0 0 0 0 0 0 0
300 0 0 0 0 0 0 0 0 0 0 7479 12719 17663 20611 12865 23026 65111 128121 238265 396762 564435 723071 845353 917815 949981 961552 942672 904567 848073 782103 705042 630480 552012 477157 407238 346785 292447 244994 200722 165627 135351 112071 90348 74122 59521 49951 40035 31185 24982 20163 16837 13211 11044 9234 7911 6714 5442 4934 4404 3797 3252 2897 2655 2386 2206 1940 3474 0 0 0 0 0 0 0 0 0 0 0 0 0 0 0 0 0 0 0 0 0 0 0 0 0 0 0 0 0 0 0 0
290 0 0 0 0 0 0 0 0 1620 4232 8870 11686 2588 17483 30854 49145 98154 199316 371210 604973 844264 1041827 1181939 1241967 1261200 1240574 1190829 1130492 1040369 947520 849333 751841 654445 562843 478662 404079 335699 279440 230101 189332 155895 126054 102911 83898 67935 55473 44602 35417 27370 22070 18162 14543 11802 9481 8770 6786 6101 4984 4332 3997 3256 3073 2439 0 0 0 0 0 0 0 0 0 0 0 0 0 0 0 0 0 0 0 0 0 0 0 0 0 0 0 0 0 0 0 0 0 0 0 0
280 0 0 0 0 0 0 0 0 0 0 0 0 188 4503 9031 18726 40970 84536 161475 266903 379748 473923 544543 584886 592876 591922 579022 549990 508038 465179 419323 370167 322596 278947 237230 199410 167853 139256 115515 94513 78156 63539 52004 42641 34301 28790 23016 17964 14492 11483 9140 7487 6559 5490 4339 3953 3382 2923 2517 0 0 0 0 0 0 0 0 0 0 0 0 0 0 0 0 0 0 0 0 0 0 0 0 0 0 0 0 0 0 0 0 0 0 0 0 0 0 0 0
270 0 0 0 0 0 0 0 0 0 0 0 0 0 0 0 0 7936 22610 49439 86505 124923 160777 187622 203951 210561 208470 206003 196444 182797 168370 152440 134607 117835 102274 86093 73564 60856 51137 42147 35135 28851 23612 19105 15296 13130 11420 8741 6525 5156 4680 3693 3325 2846 2427 2158 0 0 0 0 0 0 0 0 0 0 0 0 0 0 0 0 0 0 0 0 0 0 0 0 0 0 0 0 0 0 0 0 0 0 0 0 0 0 0 0 0 0 0 0
260 0 0 14 0 0 0 0 0 0 0 0 0 0 0 0 0 0 0 0 1195 9088 16262 24639 30963 35494 38990 41184 41335 39049 36998 34138 30665 27533 24179 21026 17954 15405 12863 10348 8888 7646 6008 5505 4169 3826 3196 2904 2150 1970 1608 1227 0 0 0 0 0 0 0 0 0 0 0 0 0 0 0 0 0 0 0 0 0 0 0 0 0 0 0 0 0 0 0 0 0 0 0 0 0 0 0 0 0 0 0 0 0 0 0 0
250 0 12 6 0 0 0 0 0 0 0 0 0 0 0 0 0 0 0 0 0 0 698 3027 6063 7850 9439 10796 10472 10821 10601 9648 9127 8467 7619 6732 5410 4721 4213 3540 2932 2689 1638 1852 1711 1432 1196 997 0 0 0 0 0 0 0 0 0 0 0 0 0 0 0 0 0 0 0 0 0 0 0 0 0 0 0 0 0 0 0 0 0 0 0 0 0 0 0 0 0 0 0 0 0 0 0 0 0 0 0 0
