260 265 270 275 280 285 290 295 300 305 310 315 320 325 330 335 340 345 350 355 360 365 370 375 380 385 390 395 400 405 410 415 420 425 430 435 440 445 450 455 460 465 470 475 480 485 490 495 500 505 510 515 520 525 530 535 540 545 550 555 560 565 570 575 580 585 590 595 600 605 610 615 620 625 630 635 640 645 650 655 660 665 670 675 680 685 690 695 700 705 710 715 720 725 730 735 740 745 750
520 0 0 0 0 0 0 0 0 0 0 0 0 0 0 0 0 0 0 0 0 0 0 0 0 0 0 0 0 0 0 0 0 0 0 0 0 0 0 0 0 0 0 0 0 0 0 0 0 0 0 0 0 0 0 2136 766 180 0 0 0 0 0 0 129 111 193 195 99 269 191 125 247 225 163 127 5 147 143 179 167 69 141 135 53 87 73 85 75 81 99 75 105 75 49 179 125 125 155 109
510 0 0 0 0 0 0 0 0 0 0 0 0 0 0 0 0 0 0 0 0 0 0 0 0 0 0 0 0 0 0 0 0 0 0 0 0 0 0 0 0 0 0 0 0 0 0 0 0 0 0 0 0 1381 934 759 603 203 267 269 324 189 415 561 327 337 387 401 349 505 365 368 233 373 293 119 253 271 235 127 193 99 255 135 91 125 125 123 85 109 133 111 67 97 81 139 83 99 113 77
500 0 0 0 0 0 0 0 0 0 0 0 0 0 0 0 0 0 0 0 0 0 0 0 0 0 0 0 0 0 0 0 0 0 0 0 0 0 0 0 0 0 0 0 0 0 0 0 0 0 0 2282 1430 1263 642 734 884 604 570 532 644 666 592 636 549 523 529 488 343 470 537 437 335 315 333 333 299 233 189 255 199 177 211 117 135 121 99 91 103 107 89 83 133 87 85 95 147 119 119 141
490 0 0 0 0 0 0 0 0 0 0 0 0 0 0 0 0 0 0 0 0 0 0 0 0 0 0 0 0 0 0 0 0 0 0 0 0 0 0 0 0 0 0 0 0 0 0 0 0 3761 1775 1348 1449 1188 1332 1114 1296 1190 964 900 1006 868 988 620 674 756 794 756 654 603 515 485 431 465 457 397 377 335 269 297 281 309 265 247 153 157 249 223 201 191 147 101 185 171 175 183 129 171 149 239
480 0 0 0 0 0 0 0 0 0 0 0 0 0 0 0 0 0 0 0 0 0 0 0 0 0 0 0 0 0 0 0 0 0 0 0 0 0 0 0 0 0 0 0 0 0 0 4219 2286 1798 1329 1442 1432 1364 1266 1388 1196 1294 1036 1220 1018 1070 944 1159 957 714 740 973 647 525 641 589 515 535 505 323 367 259 295 241 233 285 229 159 217 165 197 125 177 133 139 117 111 155 177 181 113 173 179 173
470 0 0 0 0 0 0 0 0 0 0 0 0 0 0 0 0 0 0 0 0 0 0 0 0 0 0 0 0 0 0 0 0 0 0 0 0 0 0 0 0 0 0 0 0 3252 1900 1741 1645 1566 1743 1815 1727 1408 1751 1789 1745 1703 1535 1673 1533 1425 1315 1124 1366 1110 970 839 909 855 727 695 651 627 453 449 395 407 341 351 335 327 241 245 237 217 133 185 165 103 187 179 157 137 129 159 197 201 281 229
460 0 0 0 0 0 0 0 0 0 0 0 0 0 0 0 0 0 0 0 0 0 0 0 0 0 0 0 0 0 0 0 0 0 0 0 0 0 0 0 0 0 0 3688 1938 1763 1454 1855 1551 1867 2009 1875 1769 1739 1699 1673 1641 1116 1877 1573 1415 1552 1124 1118 1030 975 807 775 849 623 769 631 457 607 465 419 499 437 347 377 307 373 317 257 223 277 171 251 243 171 159 245 149 157 211 187 179 171 227 163
450 0 0 0 0 0 0 0 0 0 0 0 0 0 0 0 0 0 0 0 0 0 0 0 0 0 0 0 0 0 0 0 0 0 0 0 0 0 0 0 0 3216 2455 2193 1823 2093 2027 1933 2101 2183 2069 1841 1983 1966 1866 1664 2018 1683 1661 1626 1304 1206 1046 1196 935 913 863 797 839 821 559 723 537 493 539 539 459 445 441 373 309 289 297 237 241 217 209 183 217 171 153 189 209 201 115 125 245 135 171 165
440 0 0 0 0 0 0 0 0 0 0 0 0 0 0 0 0 0 0 0 0 0 0 0 0 0 0 0 0 0 0 0 0 0 0 0 0 0 0 2428 2085 1511 2109 1915 2285 2042 2332 2188 2160 2114 2110 1961 1892 1997 1768 1965 1709 1837 1436 1628 1510 1502 1196 1150 1196 887 867 839 785 699 891 695 633 589 555 491 377 349 365 437 363 335 311 233 283 195 203 117 153 181 127 91 127 183 147 119 143 157 117 107
430 0 0 0 0 0 0 0 0 0 0 0 0 0 0 0 0 0 0 0 0 0 0 0 0 0 0 0 0 0 0 0 0 0 0 0 0 2172 1858 1489 1961 2192 2189 2247 2255 2303 2397 2449 2386 2477 1859 2124 2075 1967 1779 1795 1740 1640 1726 1324 1398 1472 1214 1094 1034 1054 851 815 933 1154 1252 879 787 675 621 597 655 501 425 465 545 529 599 449 379 235 201 217 163 201 131 157 153 137 97 137 141 141 183 147
420 0 0 0 0 0 0 0 0 0 0 0 0 0 0 0 0 0 0 0 0 0 0 0 0 0 0 0 0 0 0 0 0 0 0 2913 2021 2231 2112 2439 2691 2727 2899 3160 3072 2676 2463 3087 3001 2503 2540 2498 2204 2129 1939 2001 2269 1975 1662 1550 1480 1530 1274 1416 1084 1348 1074 1324 2050 2927 3254 2725 2058 1690 1610 1438 1296 1286 1219 1550 1510 1776 1786 1438 995 597 507 455 367 283 325 245 263 219 261 201 193 237 173 187
410 0 0 0 0 0 0 0 0 0 0 0 0 0 0 0 0 0 0 0 0 0 0 0 0 0 0 0 0 0 0 0 0 4350 2799 2292 2473 2389 2712 3157 3341 3444 3254 3292 3521 3572 3507 3441 2923 3097 2933 2808 2408 2174 2007 2135 2103 2033 1781 1705 1682 1450 1328 1256 1250 1512 1860 2491 4779 8215 9231 7193 5238 4408 4115 3907 3480 3248 3438 3943 4568 5127 4969 3866 2493 1646 997 801 653 457 461 325 361 343 355 243 253 217 265 235
400 0 0 0 0 0 0 0 0 0 0 0 0 0 0 0 0 0 0 0 0 0 0 0 0 0 0 0 0 0 0 2257 2244 2224 2514 2433 2939 3356 3494 3761 3421 4113 3707 3929 4295 3638 3564 3293 3501 3078 2580 2508 2349 2183 2190 1961 1917 1701 1853 1508 1484 1404 1270 1304 1220 1220 1330 1952 3410 5398 5988 4691 3348 2939 2533 2433 2150 2000 2092 2691 2993 3438 3071 2731 1574 923 601 483 395 451 341 279 243 315 201 277 221 129 141 209
390 0 0 0 0 0 0 0 0 0 0 0 0 0 0 0 0 0 0 0 0 0 0 0 0 0 0 0 0 4179 3620 2770 2986 3222 3168 3798 4045 4712 4375 4972 4659 4585 4551 4598 4190 3931 4059 3525 3445 2972 2900 2843 2594 2261 2520 1957 2324 1627 1771 1575 1552 1542 1222 1326 1274 1194 1162 1234 1862 2699 2781 2221 1884 1538 1342 1306 1191 1111 1342 1348 1438 1790 1386 1223 791 625 433 289 347 255 243 221 271 255 223 333 313 241 321 291
380 0 0 0 0 0 0 0 0 0 0 0 0 0 0 0 0 0 0 0 0 0 0 0 0 0 0 1927 2152 2681 2453 2824 3347 3574 3592 4107 3762 4626 4268 4533 4964 4930 4844 4857 4377 4731 4558 4154 3814 3457 3429 2805 2791 2668 2442 2529 2197 2264 2061 1735 1777 1426 1402 1386 1168 1022 1102 1092 1254 1732 1772 1610 1222 981 995 973 875 697 765 765 869 929 855 723 533 313 237 283 369 243 275 235 179 239 247 243 295 279 407 0.00E+00
370 0 0 0 0 0 0 0 0 0 0 0 0 0 0 0 0 0 0 0 0 0 0 0 0 4475 3468 3071 2804 3240 3494 3876 4212 3834 5339 4781 5203 5934 6052 5471 5863 5686 5440 5202 5028 4920 5242 4840 4373 4049 3880 3564 3382 2741 2975 2594 2848 2455 2412 2348 1853 1851 1799 1620 1524 1262 1330 1178 1420 1384 1408 1314 1110 1021 967 831 801 763 621 649 707 715 713 703 455 387 449 305 381 399 553 461 435 717 882 0 0 0 0 0
360 0 0 0 0 0 0 0 0 0 0 0 0 0 0 0 0 0 0 0 0 0 0 1065 432 1342 1152 2113 2712 2871 4190 3168 5783 6697 6590 7012 7232 7651 7326 7027 6814 6365 6286 5917 5564 5381 5159 5104 4568 4202 3820 3778 3479 3314 2999 3085 2628 2383 2184 2182 1915 1869 1897 1338 1390 1294 988 1132 906 1244 1264 967 859 617 673 649 501 407 503 545 387 469 477 341 381 267 233 161 295 227 219 0 0 0 0 0 0 0 0 0
350 0 0 0 0 0 0 0 0 0 0 0 0 0 0 0 0 0 0 0 0 1337 1448 2759 3446 4351 5529 6752 8023 11373 16231 17754 20256 21827 22220 23051 23129 21976 20727 19476 17762 16342 15071 13617 12693 10717 10756 9216 8159 7240 6814 6214 5973 4975 4467 4340 4153 3520 3237 3093 2408 2638 2173 2093 1756 1344 1642 1572 1302 1378 1074 1080 881 897 783 577 609 597 507 509 407 469 371 403 389 275 391 0 0 0 0 0 0 0 0 0 0 0 0 0
340 0 0 0 0 0 0 0 0 0 0 0 0 0 0 0 0 0 0 943 2720 4355 8135 10022 13474 16343 20412 30867 37298 46505 54441 61563 66016 68681 69857 70455 68763 65573 60783 57596 51692 47381 43053 37558 33623 30034 26178 23016 19714 16134 14466 12596 11115 9856 8604 7739 6617 5904 5138 4660 4151 3457 3215 2668 2481 2089 1953 1716 1522 1476 1450 1170 1092 913 677 811 697 555 537 393 623 503 424 0 0 0 0 0 0 0 0 0 0 0 0 0 0 0 0 0
330 0 0 0 0 0 0 0 0 0 0 0 0 0 0 0 0 504 1042 3750 7316 13836 22153 28625 42365 55078 69067 84942 103507 122430 139025 151229 160754 165891 164450 162561 159033 149318 139043 127671 116929 104522 93971 82994 73320 64178 55804 47868 40146 33553 28606 24473 20532 17701 15232 13337 10966 10235 8295 6922 6115 5360 4523 4132 3481 2886 2631 2293 1986 1980 1498 1508 1226 1232 783 845 719 655 708 0 0 0 0 0 0 0 0 0 0 0 0 0 0 0 0 0 0 0 0 0
320 0 0 0 0 0 0 0 0 0 0 0 0 0 0 2182 2140 2819 4471 7598 11891 25152 49169 70649 91403 109349 132558 156774 182852 206056 226643 242905 249778 250651 249286 242853 233003 219024 201370 184369 166618 150551 134713 118146 102198 89972 78442 65280 54518 46827 38311 33035 28261 23621 19354 17104 14350 12391 10446 8668 7505 6064 5742 4575 4168 3497 2766 2557 2213 1954 1780 1510 1526 1270 1162 0 0 0 0 0 0 0 0 0 0 0 0 0 0 0 0 0 0 0 0 0 0 0 0 0
310 0 0 0 0 0 0 0 0 0 0 0 0 19697 26561 30934 31121 29215 24701 38759 63154 97789 142607 188724 231367 265614 294899 322493 343997 363973 375231 378335 371672 361973 345246 325533 302030 278276 253723 227780 203128 178974 157083 138555 119021 102578 88908 74468 62552 52528 42861 36264 29937 25199 21799 18327 15544 13197 11256 9230 8189 6772 5662 4678 4204 3457 3016 2850 2199 1849 1823 0 0 0 0 0 0 0 0 0 0 0 0 0 0 0 0 0 0 0 0 0 0 0 0 0 0 0 0 0
300 0 0 0 0 0 0 0 0 0 0 10416 26700 45474 58328 56973 57336 69412 76131 96465 141562 208835 290471 371653 442515 492781 534852 563972 583367 590873 590203 570842 550380 519412 483357 446138 406085 365147 326594 290322 256427 224551 194771 168432 145290 124905 107339 88428 73600 61127 50601 41318 35261 29391 24847 20538 17847 14786 12262 10748 8964 7424 6669 5814 4722 4074 3544 0 0 0 0 0 0 0 0 0 0 0 0 0 0 0 0 0 0 0 0 0 0 0 0 0 0 0 0 0 0 0 0 0
290 0 0 0 0 0 0 0 0 1100 3457 10266 20597 24761 42500 53738 56177 58655 65228 87353 128273 189164 257927 328739 386167 428600 458174 480729 491692 494569 482920 463533 437541 409145 378143 344362 312379 276599 247740 218201 190332 165795 141754 122711 106192 90354 77481 64622 53016 43741 36353 30065 25499 20590 17601 14929 12205 10544 9189 7723 6771 5285 4605 0 0 0 0 0 0 0 0 0 0 0 0 0 0 0 0 0 0 0 0 0 0 0 0 0 0 0 0 0 0 0 0 0 0 0 0 0
280 0 0 0 0 0 0 0 0 0 0 0 0 9922 16653 21537 24079 25269 30177 41919 62873 93448 131423 168743 198586 220276 238022 248022 249190 246338 241579 230023 213267 198196 178947 161930 145010 127953 112356 97415 84297 71196 61647 53820 45008 38671 33357 27118 22396 17989 15300 13217 10680 8983 7720 6530 5709 4876 4150 0 0 0 0 0 0 0 0 0 0 0 0 0 0 0 0 0 0 0 0 0 0 0 0 0 0 0 0 0 0 0 0 0 0 0 0 0 0 0 0 0
270 0 0 0 0 0 0 0 0 0 0 0 0 0 0 0 0 1805 3168 7606 14923 25627 37351 49563 60824 69568 75153 77768 79092 78063 75381 71666 66953 60740 55453 50148 43874 38300 33474 28813 25218 21713 18783 15959 13148 10999 9716 8059 6913 5610 4574 3897 3380 3049 2496 0 0 0 0 0 0 0 0 0 0 0 0 0 0 0 0 0 0 0 0 0 0 0 0 0 0 0 0 0 0 0 0 0 0 0 0 0 0 0 0 0 0 0 0 0
260 0 0 29 25 0 0 0 0 0 0 0 0 0 0 0 0 0 0 0 0 0 0 2542 6618 9446 12117 14562 15735 15852 16570 16695 15689 14836 13756 12809 11779 10590 9629 8196 7414 6410 5511 4946 4094 3967 3161 2829 2594 1909 1601 0 0 0 0 0 0 0 0 0 0 0 0 0 0 0 0 0 0 0 0 0 0 0 0 0 0 0 0 0 0 0 0 0 0 0 0 0 0 0 0 0 0 0 0 0 0 0 0 0
250 11 43 65 0 0 0 0 0 0 0 0 0 0 0 0 0 0 0 0 0 0 0 0 0 944 2038 3796 4813 6098 6957 7092 7081 7513 7246 6721 6548 6249 5279 4962 4374 4536 3430 3251 3045 2771 2258 0 0 0 0 0 0 0 0 0 0 0 0 0 0 0 0 0 0 0 0 0 0 0 0 0 0 0 0 0 0 0 0 0 0 0 0 0 0 0 0 0 0 0 0 0 0 0 0 0 0 0 0 0
