260 265 270 275 280 285 290 295 300 305 310 315 320 325 330 335 340 345 350 355 360 365 370 375 380 385 390 395 400 405 410 415 420 425 430 435 440 445 450 455 460 465 470 475 480 485 490 495 500 505 510 515 520 525 530 535 540 545 550 555 560 565 570 575 580 585 590 595 600 605 610 615 620 625 630 635 640 645 650 655 660 665 670 675 680 685 690 695 700 705 710 715 720 725 730 735 740 745 750
520 0 0 0 0 0 0 0 0 0 0 0 0 0 0 0 0 0 0 0 0 0 0 0 0 0 0 0 0 0 0 0 0 0 0 0 0 0 0 0 0 0 0 0 0 0 0 0 0 0 0 0 0 0 0 3501 3782 3172 3352 3272 3093 2536 2653 2244 2212 1788 1627 1459 1389 1127 837 815 460 0 0 0 0 14 152 130 94 96 0 0 0 0 0 0 0 0 0 0 0 54 0 0 10 0 0 0
510 0 0 0 0 0 0 0 0 0 0 0 0 0 0 0 0 0 0 0 0 0 0 0 0 0 0 0 0 0 0 0 0 0 0 0 0 0 0 0 0 0 0 0 0 0 0 0 0 0 0 0 0 11616 12132 12120 11881 11834 11036 10672 10244 8954 8404 7205 6554 6257 5286 4636 4173 3959 3226 2413 1376 338 433 150 296 599 686 494 486 354 196 126 10 0 0 0 0 0 0 0 32 0 40 2 4 42 46 16
500 0 0 0 0 0 0 0 0 0 0 0 0 0 0 0 0 0 0 0 0 0 0 0 0 0 0 0 0 0 0 0 0 0 0 0 0 0 0 0 0 0 0 0 0 0 0 0 0 0 0 33240 37866 39243 39130 39535 38386 37127 35254 33984 31517 29376 26032 24009 20686 18100 16249 14792 13190 11468 9593 8465 6832 5247 4435 3794 3180 2901 2410 2412 1983 1779 1295 1021 754 622 576 402 368 300 286 270 188 220 136 136 148 126 120 90
490 0 0 0 0 0 0 0 0 0 0 0 0 0 0 0 0 0 0 0 0 0 0 0 0 0 0 0 0 0 0 0 0 0 0 0 0 0 0 0 0 0 0 0 0 0 0 0 0 50197 65812 77364 84550 86646 86674 87067 84330 81520 77204 74278 66890 61793 56371 50975 44917 40437 34980 31058 27657 24270 21168 18598 15659 13191 11336 9112 8093 6838 6059 5050 4249 3734 3015 2408 2055 1615 1443 1219 960 822 776 562 552 464 388 374 266 300 266 194
480 0 0 0 0 0 0 0 0 0 0 0 0 0 0 0 0 0 0 0 0 0 0 0 0 0 0 0 0 0 0 0 0 0 0 0 0 0 0 0 0 0 0 0 0 0 0 42644 64989 90320 114067 132295 145427 150455 151560 152562 148692 141828 134836 125856 116796 106423 96508 86088 77279 68502 60153 55030 46876 42070 35711 31356 26676 22709 19512 16713 14382 12011 10335 9378 7419 6458 5273 4455 3679 2632 2304 2059 1837 1615 1253 1032 922 828 704 706 414 504 398 294
470 0 0 0 0 0 0 0 0 0 0 0 0 0 0 0 0 0 0 0 0 0 0 0 0 0 0 0 0 0 0 0 0 0 0 0 0 0 0 0 0 0 0 0 0 23558 47556 78863 118312 159823 198771 231923 253871 264913 268965 266913 260131 248053 235657 219079 203457 186214 167159 153445 135592 120836 107010 95729 83763 74794 63944 55909 47369 40585 34735 29861 24755 21264 18093 15611 13014 11038 8716 7726 6672 5858 4762 3896 3245 2542 2229 1965 1567 1459 1112 988 908 714 540 612
460 0 0 0 0 0 0 0 0 0 0 0 0 0 0 0 0 0 0 0 0 0 0 0 0 0 0 0 0 0 0 0 0 0 0 0 0 0 0 0 0 0 0 8270 19283 35834 63745 99941 143015 188139 233071 267923 292999 308141 311205 308637 300980 286184 270872 253920 232851 215463 195800 178686 160074 141094 124124 110076 97548 85051 74360 64891 54731 47773 41052 35273 29094 25114 21974 17854 15083 13040 10959 8768 7602 6594 5174 4507 3545 3121 2692 2329 2043 1485 1487 1206 1042 840 702 630
450 0 0 0 0 0 0 0 0 0 0 0 0 0 0 0 0 0 0 0 0 0 0 0 0 0 0 0 0 0 0 0 0 0 0 0 0 0 0 0 0 3799 8681 16616 30131 52723 86819 130961 182013 233793 283777 320705 350459 363231 365636 361790 351410 337748 320871 299175 277313 254497 229598 208808 187856 165840 146086 130102 114204 101240 87682 75803 64949 56313 47627 41730 33947 29751 24993 20993 17685 15332 12859 11076 9258 7875 6153 5593 4481 3782 3199 2594 2434 2021 1635 1565 1242 928 806 708
440 0 0 0 0 0 0 0 0 0 0 0 0 0 0 0 0 0 0 0 0 0 0 0 0 0 0 0 0 0 0 0 0 0 0 0 0 0 0 8321 11104 13504 16841 23150 34439 52879 83073 117581 160785 198669 233718 261711 274965 281862 284612 279719 271889 258793 246035 230281 211281 193419 175860 156750 139884 123972 110054 98552 87056 76316 66578 57651 48668 41847 35440 30550 25264 22184 19003 15768 13926 11332 9973 8070 6721 5564 4527 3854 3375 2824 2386 1925 1777 1385 1234 964 984 760 690 620
430 0 0 0 0 0 0 0 0 0 0 0 0 0 0 0 0 0 0 0 0 0 0 0 0 0 0 0 0 0 0 0 0 0 0 0 0 15613 21697 25770 29080 32343 37564 47235 63715 88539 127236 172668 217927 264529 302002 333551 349788 359160 360350 353547 341871 327791 310023 288987 268221 245445 222570 199588 176824 157904 139872 123990 111092 96652 85919 74027 62143 53342 43920 37139 31105 27560 23944 20477 17531 14962 11997 10017 8741 6951 5703 4608 3983 3368 2622 2512 2003 2009 1619 1505 1308 1038 706 700
420 0 0 0 0 0 0 0 0 0 0 0 0 0 0 0 0 0 0 0 0 0 0 0 0 0 0 0 0 0 0 0 0 0 0 13226 23426 34417 43036 49422 53233 55898 61143 68971 81372 101112 130839 163725 201894 241000 272575 293798 306844 310008 309046 302368 291511 280565 264849 246883 226079 207241 187331 168461 149521 133670 119806 105736 92521 81589 70321 60013 49776 39999 32459 25352 21537 21087 18570 15998 13353 11231 8992 7713 5822 4214 3682 2744 2227 2122 1760 1475 1603 1375 1175 1152 954 754 606 510
410 0 0 0 0 0 0 0 0 0 0 0 0 0 0 0 0 0 0 0 0 0 0 0 0 0 0 0 0 0 0 0 0 6418 15117 25447 38323 50048 61592 67836 71901 75331 79750 83549 89224 108268 135626 162594 190976 219193 244489 260579 265567 270784 266088 257004 248282 237348 222763 208957 190993 175205 156423 140381 125441 111592 99525 87421 78082 68679 57135 46042 32679 21647 17343 12292 11721 14148 12776 11628 9446 8052 5768 4223 2881 1409 0 0 2 286 499 733 891 899 862 752 664 496 474 348
400 0 0 0 0 0 0 0 0 0 0 0 0 0 0 0 0 0 0 0 0 0 0 0 0 0 0 0 0 0 0 539 5504 13459 26761 40440 56941 72741 85735 93857 97030 95986 99902 110597 122289 138157 164325 190393 218926 244085 265159 279113 288437 288561 280772 273962 264276 251322 233386 218571 200941 183943 166057 148211 131269 118433 104531 93426 81801 71180 60154 46328 28079 15345 11395 11046 11759 14080 13047 11538 9134 6762 4621 2428 654 0 0 0 0 0 569 774 1155 975 762 806 588 710 520 440
390 0 0 0 0 0 0 0 0 0 0 0 0 0 0 0 0 0 0 0 0 0 0 0 0 0 0 0 0 99 1965 4454 9887 19472 32721 48264 64340 78520 84685 89732 101395 108405 111070 114131 122588 135556 156770 180071 205069 227540 246814 262025 269087 269656 266461 257800 248120 236288 221380 205601 188773 173011 154251 140219 124357 111347 97995 87077 76329 66494 55839 44021 28516 17613 13571 12654 13532 13595 12709 10886 9280 6741 5394 3213 1957 316 0 0 0 440 498 793 1213 927 896 884 556 554 428 366
380 0 0 0 0 0 0 0 0 0 0 0 0 0 0 0 0 0 0 0 0 0 0 0 0 0 0 856 3746 5542 6829 9291 14510 24058 37137 46149 52499 72087 88750 97504 103170 105296 109760 112625 119663 131042 154058 174459 200515 227103 249486 265614 273888 276004 272433 265585 254050 240968 226314 212499 192711 176041 160163 143267 127337 112335 100634 89265 77960 67910 57654 47248 35351 24776 20075 18199 16269 15584 14714 12462 10517 8467 6072 5053 3317 2163 1080 1038 950 927 924 1443 1133 1109 780 928 458 414 437 0.00E+00
370 0 0 0 0 0 0 0 0 0 0 0 0 0 0 0 0 0 0 0 0 0 0 0 0 0 293 3291 5214 7125 7805 11003 13120 10803 21309 44931 58584 68874 78185 83902 88112 91435 94765 98234 104473 117653 139707 165098 194600 225095 252269 268391 279940 284157 283459 274595 262752 250946 236126 219425 201883 182841 167107 149189 132570 117523 104662 93465 82126 71339 62509 52403 40174 32579 27394 23190 20468 18621 16405 14281 11943 9696 7717 5905 4628 3693 2532 2269 2134 1603 1676 1615 1483 943 684 0 0 0 0 0
360 0 0 0 0 0 0 0 0 0 0 0 0 0 0 0 0 0 0 0 0 0 0 0 0 349 2223 3675 5967 7723 450 0 8418 22940 34488 45063 57175 65633 73160 78868 81542 85030 86962 92975 98947 114236 140667 169998 202550 238021 263273 283427 296758 299936 293411 288838 275778 266258 248182 232747 212865 196027 176137 158275 140369 125606 110680 99732 86694 76377 65659 55992 46601 37828 32262 27801 24106 20659 17968 15575 12898 10703 8938 7387 5603 4532 3626 2994 2304 1996 1876 0 0 0 0 0 0 0 0 0
350 0 0 0 0 0 0 0 0 0 0 0 0 0 0 0 0 0 0 0 0 0 0 306 1188 2106 3517 2317 0 0 8198 11903 16308 23916 35848 48897 59517 68301 77804 82697 86630 90128 92102 96697 106182 125633 153840 186315 221465 254576 286478 306490 317778 322075 315369 310730 300066 284956 269414 251499 232639 211053 190447 170247 153457 134503 120688 107758 94126 83293 72675 61248 52378 43809 36629 32383 27116 23598 19811 17134 14671 12251 10349 8406 6788 5458 4251 3794 0 0 0 0 0 0 0 0 0 0 0 0
340 0 0 0 0 0 0 0 0 0 0 0 0 0 0 0 0 0 0 0 321 1022 2668 4438 5178 0 0 4182 10728 12329 13268 15494 19019 26056 36591 45958 58065 68131 77931 83998 87494 89736 92148 96735 106483 124772 152046 178638 209185 237441 261600 279896 289091 291627 287700 281008 269136 260481 242515 227807 207043 191303 171381 153453 137499 123650 108796 97142 84968 74876 65458 55742 48076 39490 33907 29001 24583 21755 18148 15864 12981 11059 9129 9731 0 0 0 0 0 0 0 0 0 0 0 0 0 0 0 0
330 0 0 0 0 0 0 0 0 0 0 0 0 0 0 0 0 0 841 2453 4500 6636 6877 0 0 12357 14746 17945 20039 22083 23816 25721 30228 37116 48411 62051 76731 88251 99322 106862 112782 115357 118376 123222 131816 147173 171469 194882 219530 240682 261151 272577 278559 278802 274110 264178 254659 241611 226715 212073 193085 176319 159485 143473 127541 114710 101754 89613 78831 69766 59714 52709 44932 37692 31956 27135 23703 20381 17483 20344 0 0 0 0 0 0 0 0 0 0 0 0 0 0 0 0 0 0 0 0
320 0 0 0 0 0 0 0 0 0 0 0 0 0 0 0 16 1290 2877 4205 0 0 5874 11829 15053 16168 17856 21426 25265 26588 28217 30010 32386 36159 42257 51883 60713 71024 80438 86223 90895 94235 96632 98142 103551 110680 122574 134299 142700 152169 161455 166790 167992 165234 162312 154547 146933 139917 131173 121279 112459 100513 89485 80470 71326 62985 56706 49783 43056 39208 34204 28894 25009 20971 17832 23908 0 0 0 0 0 0 0 0 0 0 0 0 0 0 0 0 0 0 0 0 0 0 0 0
310 0 0 0 0 0 0 0 0 0 0 0 0 0 0 581 1803 716 0 0 6137 8620 10724 12402 12226 13608 16237 18432 21457 23132 23468 24417 25578 28850 33161 37579 44482 50564 55701 59828 62966 64823 65752 67321 69899 73103 81308 86594 89706 94556 99720 102038 100425 99360 94497 91275 86417 81043 76776 70549 63791 58584 52519 46778 41862 37217 32413 29490 25966 22793 19602 27171 0 0 0 0 0 0 0 0 0 0 0 0 0 0 0 0 0 0 0 0 0 0 0 0 0 0 0 0
300 0 0 0 0 0 0 0 0 0 0 2242 2714 3580 4888 0 0 1809 5163 5801 6996 7621 8186 8766 9033 9283 10106 11113 12808 13810 14144 13666 14732 16043 19031 22697 25606 28351 31961 34851 36131 37072 38465 39545 41821 44992 49044 53032 56751 59657 61721 62898 63916 62967 61377 58546 55821 53096 48185 44639 41043 37378 33239 30165 27185 23568 21141 0 0 0 0 0 0 0 0 0 0 0 0 0 0 0 0 0 0 0 0 0 0 0 0 0 0 0 0 0 0 0 0 0
290 0 0 0 0 0 0 0 0 2126 4343 6430 9980 0 0 7539 7642 6627 6356 6735 6710 6545 6530 6186 5725 6136 6346 7183 7182 7380 7546 7610 7889 9070 10767 12162 14644 17146 19344 20818 22498 24621 25295 28622 31945 37759 46133 53505 60974 67135 71755 76239 78312 77108 75712 74332 71835 67642 62980 59088 53827 49693 44247 0 0 0 0 0 0 0 0 0 0 0 0 0 0 0 0 0 0 0 0 0 0 0 0 0 0 0 0 0 0 0 0 0 0 0 0 0
280 0 0 0 0 0 0 737 1975 3676 439 0 5796 8276 7701 7025 5950 6095 5022 4598 4435 4318 3597 3452 3058 3128 2946 3398 3629 3723 4209 4154 4416 5309 6547 8543 11223 14636 17789 20042 23668 26562 30830 37259 46611 60046 79922 99509 117824 136218 150992 159174 167320 168392 165907 164787 157837 150013 141199 0 0 0 0 0 0 0 0 0 0 0 0 0 0 0 0 0 0 0 0 0 0 0 0 0 0 0 0 0 0 0 0 0 0 0 0 0 0 0 0 0
270 0 0 0 0 114 82 0 0 0 1603 1784 2228 1457 1600 1277 748 549 545 845 597 579 721 357 617 521 669 936 1379 1178 1322 1452 1570 2830 4401 6336 10499 14140 17707 21264 24519 26509 30089 36615 45471 58924 79599 100607 123904 146694 164062 178136 185140 185284 184316 0 0 0 0 0 0 0 0 0 0 0 0 0 0 0 0 0 0 0 0 0 0 0 0 0 0 0 0 0 0 0 0 0 0 0 0 0 0 0 0 0 0 0 0 0
260 0 0 52 44 0 0 0 528 725 1013 1197 990 1078 982 701 881 394 500 618 793 745 1094 1120 1647 2254 2922 4167 4730 5556 6062 7111 8606 11956 16783 21744 27337 33813 39379 42356 45089 48521 51763 55432 61884 72152 88168 104204 117505 131392 142443 0 0 0 0 0 0 0 0 0 0 0 0 0 0 0 0 0 0 0 0 0 0 0 0 0 0 0 0 0 0 0 0 0 0 0 0 0 0 0 0 0 0 0 0 0 0 0 0 0
250 78 42 36 12 36 182 348 554 638 781 819 630 578 330 498 362 718 623 785 1275 1829 2248 3212 3834 4444 5309 6422 7120 7918 7800 8301 9566 10821 14180 17253 20655 23524 27201 29236 30498 32015 33460 34107 36874 40188 47172 0 0 0 0 0 0 0 0 0 0 0 0 0 0 0 0 0 0 0 0 0 0 0 0 0 0 0 0 0 0 0 0 0 0 0 0 0 0 0 0 0 0 0 0 0 0 0 0 0 0 0 0 0
